n = 10 ; 
T = 24 ; 
Init = [ 1 1 0 1 0 1 1 0 1 0 ]
L = [ 5 6 7 2 2 5 3 9 10 8 ]
l = [ 5 6 7 2 2 5 3 9 10 8 ]
Pmin = [ 46 58 78 24 13 45 34 99 100 85 ]
Pmax = [ 46 58 78 24 13 45 34 99 100 85 ]
cf = [ 7.12261 49.9128 32.8357 48.7255 48.4296 55.4814 53.7461 47.5454 24.6883 63.8178 ]
c0 = [ 136 153 210 75 64 127 107 250 250 228 ]
cp = [ 32.0977 35.4279 23.4185 41.7589 41.5434 26.2815 37.5625 10.6289 10.1267 18.2196 ]
D = [ 119 154 194 225 258 294 314 359 381 417 456 486 506 476 436 389 345 297 329 374 411 366 286 242 ]
K = 11
nk = [ 0 0 0 0 0 0 0 0 0 0 ]
First = [ 1 1 1 1 1 1 1 1 1 1 ]
Last = [ 1 1 1 1 1 1 1 1 1 1 ]
nS = 10
S = [ 1 1 1 1 1 1 1 1 1 1 ]
