n = 10 ; 
T = 24 ; 
Init = [ 1 1 0 0 0 1 0 1 0 0 ]
L = [ 9 4 6 8 6 3 9 9 6 10 ]
l = [ 9 4 6 8 6 3 9 9 6 10 ]
Pmin = [ 100 49 67 89 64 23 98 100 56 100 ]
Pmax = [ 100 49 67 89 64 23 98 100 56 100 ]
cf = [ 45.8971 31.9428 12.4236 36.2538 43.3768 69.1208 55.1047 57.7228 48.5892 56.025 ]
c0 = [ 250 146 186 244 178 72 250 250 155 250 ]
cp = [ 12.7413 29.2115 27.1656 12.3299 22.4535 37.7953 14.4633 11.9807 29.5005 8.20986 ]
D = [ 75 263 423 486 711 612 618 553 373 471 285 568 316 65 551 45 290 320 142 652 549 603 202 613 ]
K = 11
nk = [ 130758296 32656 130758296 32656 0 0 0 0 48 0 ]
First = [ 1 1 1 1 1 1 1 1 1 1 ]
Last = [ 1 1 1 1 1 1 1 1 1 1 ]
nS = 10
S = [ 1 1 1 1 1 1 1 1 1 1 ]
