n = 10 ; 
T = 24 ; 
Init = [ 1 1 1 1 1 1 1 1 1 1 ]
L = [ 9 9 6 6 6 6 9 9 9 9 ]
l = [ 9 9 6 6 6 6 9 9 9 9 ]
Pmin = [ 100 100 61 61 61 61 100 100 100 100 ]
Pmax = [ 100 100 61 61 61 61 100 100 100 100 ]
cf = [ 66.5538 66.5538 33.7599 33.7599 33.7599 33.7599 51.4337 51.4337 51.4337 51.4337 ]
c0 = [ 250 250 165 165 165 165 250 250 250 250 ]
cp = [ 11.6092 11.6092 25.2778 25.2778 25.2778 25.2778 12.4643 12.4643 12.4643 12.4643 ]
D = [ 355 549 658 278 492 474 117 531 89 316 246 827 665 760 196 484 172 840 722 367 360 676 726 111 ]
K = 3
nk = [ 1 1 2 2 2 2 3 3 3 3 ]
First = [ 1 0 1 0 0 0 1 0 0 0 ]
Last = [ 0 1 0 0 0 1 0 0 0 1 ]
nS = 3
S = [ 1 0 1 0 0 0 1 0 0 0 ]
