n = 10 ; 
T = 24 ; 
Init = [ 0 0 0 1 1 0 1 1 0 0 ]
L = [ 8 4 4 8 4 3 10 5 7 8 ]
l = [ 8 4 4 8 4 3 10 5 7 8 ]
Pmin = [ 76 46 37 83 35 35 100 49 88 86 ]
Pmax = [ 76 46 37 83 35 35 100 49 88 86 ]
cf = [ 37.8666 32.4024 62.2613 37.9511 51.5605 52.8632 22.5608 28.7578 18.2765 17.9743 ]
c0 = [ 214 142 103 216 113 110 250 131 229 219 ]
cp = [ 21.6435 29.7345 35.8338 13.5911 25.7915 40.86 14.1648 22.721 15.9446 11.2471 ]
D = [ 435 420 529 106 604 562 445 27 256 380 175 212 366 321 386 287 130 233 335 375 271 11 631 193 ]
K = 11
nk = [ 130758296 32656 130758296 32656 0 0 0 0 48 0 ]
First = [ 1 1 1 1 1 1 1 1 1 1 ]
Last = [ 1 1 1 1 1 1 1 1 1 1 ]
nS = 10
S = [ 1 1 1 1 1 1 1 1 1 1 ]
