n = 10 ; 
T = 24 ; 
Init = [ 0 0 1 1 0 1 1 0 1 1 ]
L = [ 4 8 3 3 4 8 9 9 9 9 ]
l = [ 4 8 3 3 4 8 9 9 9 9 ]
Pmin = [ 32 78 27 35 42 92 97 100 100 96 ]
Pmax = [ 32 78 27 35 42 92 97 100 100 96 ]
cf = [ 14.0322 13.7275 65.7609 45.0835 51.7056 10.6348 36.474 28.3639 28.3733 35.6682 ]
c0 = [ 103 215 78 114 120 239 250 250 250 250 ]
cp = [ 35.3752 15.5053 38.728 39.132 38.2544 13.6881 11.8178 10.2549 11.3522 9.79006 ]
D = [ 167 216 258 272 319 364 402 423 479 510 546 571 610 554 503 447 398 346 388 458 511 409 337 261 ]
K = 11
nk = [ -1959401832 32762 -1959401832 32762 0 0 0 0 48 0 ]
First = [ 1 1 1 1 1 1 1 1 1 1 ]
Last = [ 1 1 1 1 1 1 1 1 1 1 ]
nS = 10
S = [ 1 1 1 1 1 1 1 1 1 1 ]
