n = 10 ; 
T = 24 ; 
Init = [ 1 1 1 1 1 1 1 1 1 1 ]
L = [ 4 4 4 4 7 7 7 7 5 6 ]
l = [ 4 4 4 4 7 7 7 7 5 6 ]
Pmin = [ 35 35 35 35 66 66 66 66 42 64 ]
Pmax = [ 35 35 35 35 66 66 66 66 42 64 ]
cf = [ 62.0193 62.0193 62.0193 62.0193 27.1801 27.1801 27.1801 27.1801 57.2363 30.7653 ]
c0 = [ 100 100 100 100 185 185 185 185 128 166 ]
cp = [ 40.7083 40.7083 40.7083 40.7083 29.2562 29.2562 29.2562 29.2562 36.5433 25.0835 ]
D = [ 303 206 290 340 476 353 470 299 334 5 190 488 377 49 42 139 266 377 486 275 69 422 438 476 ]
K = 4
nk = [ 1 1 1 1 2 2 2 2 3 4 ]
First = [ 1 0 0 0 1 0 0 0 1 1 ]
Last = [ 0 0 0 1 0 0 0 1 1 1 ]
nS = 4
S = [ 1 0 0 0 1 0 0 0 1 1 ]
