n = 10 ; 
T = 24 ; 
Init = [ 1 0 0 1 1 1 0 1 0 1 ]
L = [ 9 2 7 7 2 9 5 5 6 7 ]
l = [ 9 2 7 7 2 9 5 5 6 7 ]
Pmin = [ 94 20 74 68 18 100 50 53 74 71 ]
Pmax = [ 94 20 74 68 18 100 50 53 74 71 ]
cf = [ 15.4138 45.3631 59.4727 48.5485 46.0792 63.8331 23.169 30.0487 32.4021 12.4161 ]
c0 = [ 241 80 209 180 59 250 149 151 200 184 ]
cp = [ 13.4576 39.3654 27.5928 24.2899 41.6233 8.6003 32.0745 16.9207 16.4164 15.4576 ]
D = [ 136 150 185 218 271 297 323 371 395 429 451 495 525 492 433 404 370 323 356 399 432 356 293 213 ]
K = 11
nk = [ -1959401832 32762 -1959401832 32762 0 0 0 0 48 0 ]
First = [ 1 1 1 1 1 1 1 1 1 1 ]
Last = [ 1 1 1 1 1 1 1 1 1 1 ]
nS = 10
S = [ 1 1 1 1 1 1 1 1 1 1 ]
