n = 10 ; 
T = 24 ; 
Init = [ 1 0 0 0 0 0 0 0 0 0 ]
L = [ 7 5 5 5 5 5 4 4 4 4 ]
l = [ 7 5 5 5 5 5 4 4 4 4 ]
Pmin = [ 74 53 53 53 53 53 31 31 31 31 ]
Pmax = [ 74 53 53 53 53 53 31 31 31 31 ]
cf = [ 14.9968 25.0773 25.0773 25.0773 25.0773 25.0773 48.6352 48.6352 48.6352 48.6352 ]
c0 = [ 193 152 152 152 152 152 100 100 100 100 ]
cp = [ 21.7651 21.7924 21.7924 21.7924 21.7924 21.7924 36.2141 36.2141 36.2141 36.2141 ]
D = [ 73 274 57 164 111 55 174 10 449 327 142 123 161 19 45 460 254 66 50 74 375 108 206 218 ]
K = 3
nk = [ 1 2 2 2 2 2 3 3 3 3 ]
First = [ 1 1 0 0 0 0 1 0 0 0 ]
Last = [ 1 0 0 0 0 1 0 0 0 1 ]
nS = 3
S = [ 1 1 0 0 0 0 1 0 0 0 ]
