n = 10 ; 
T = 24 ; 
Init = [ 0 0 0 0 0 0 0 0 0 0 ]
L = [ 4 4 4 4 9 5 5 5 4 4 ]
l = [ 4 4 4 4 9 5 5 5 4 4 ]
Pmin = [ 46 46 46 46 100 61 61 61 40 40 ]
Pmax = [ 46 46 46 46 100 61 61 61 40 40 ]
cf = [ 32.9558 32.9558 32.9558 32.9558 18.8055 39.5422 39.5422 39.5422 28.1001 28.1001 ]
c0 = [ 126 126 126 126 250 173 173 173 127 127 ]
cp = [ 36.6533 36.6533 36.6533 36.6533 9.91905 27.8094 27.8094 27.8094 31.133 31.133 ]
D = [ 266 203 370 89 431 539 189 528 122 103 66 274 381 451 249 146 0 377 100 260 379 325 363 114 ]
K = 4
nk = [ 1 1 1 1 2 3 3 3 4 4 ]
First = [ 1 0 0 0 1 1 0 0 1 0 ]
Last = [ 0 0 0 1 1 0 0 1 0 1 ]
nS = 4
S = [ 1 0 0 0 1 1 0 0 1 0 ]
