n = 10 ; 
T = 24 ; 
Init = [ 0 0 0 0 1 0 1 0 1 0 ]
L = [ 8 7 7 6 4 10 6 5 8 6 ]
l = [ 8 7 7 6 4 10 6 5 8 6 ]
Pmin = [ 86 69 80 64 40 100 64 65 89 66 ]
Pmax = [ 86 69 80 64 40 100 64 65 89 66 ]
cf = [ 40.3996 20.52 37.3721 31.7669 20.1127 60.6926 69.3885 64.6548 52.3911 55.0572 ]
c0 = [ 235 186 204 180 117 250 171 180 236 177 ]
cp = [ 16.4953 13.7004 15.2326 33.9565 35.2561 8.33924 30.0692 25.5666 24.2477 24.9505 ]
D = [ 278 597 708 76 152 502 76 713 494 55 428 402 418 514 161 72 98 440 541 525 711 201 680 337 ]
K = 11
nk = [ 130758296 32656 130758296 32656 0 0 0 0 48 0 ]
First = [ 1 1 1 1 1 1 1 1 1 1 ]
Last = [ 1 1 1 1 1 1 1 1 1 1 ]
nS = 10
S = [ 1 1 1 1 1 1 1 1 1 1 ]
