n = 10 ; 
T = 24 ; 
Init = [ 1 0 0 1 0 1 0 1 0 0 ]
L = [ 9 7 7 9 6 3 8 4 3 9 ]
l = [ 9 7 7 9 6 3 8 4 3 9 ]
Pmin = [ 100 71 73 89 63 22 92 35 25 89 ]
Pmax = [ 100 71 73 89 63 22 92 35 25 89 ]
cf = [ 27.1921 61.493 16.0305 11.682 28.7253 13.3471 36.5886 20.8695 32.8428 31.9896 ]
c0 = [ 250 189 186 234 181 81 248 97 71 228 ]
cp = [ 18.9522 19.5123 22.952 18.4901 35.2408 31.7338 9.1623 31.9204 39.1753 15.5726 ]
D = [ 225 579 272 341 645 63 408 141 320 488 444 601 76 461 246 631 342 110 31 373 275 242 284 369 ]
K = 11
nk = [ 130758296 32656 130758296 32656 0 0 0 0 48 0 ]
First = [ 1 1 1 1 1 1 1 1 1 1 ]
Last = [ 1 1 1 1 1 1 1 1 1 1 ]
nS = 10
S = [ 1 1 1 1 1 1 1 1 1 1 ]
