n = 10 ; 
T = 24 ; 
Init = [ 0 0 0 1 1 0 1 1 1 0 ]
L = [ 3 7 4 4 8 6 4 5 4 10 ]
l = [ 3 7 4 4 8 6 4 5 4 10 ]
Pmin = [ 19 69 38 42 88 52 41 58 44 100 ]
Pmax = [ 19 69 38 42 88 52 41 58 44 100 ]
cf = [ 45.2881 41.3065 55.9556 68.6398 19.5178 58.2211 11.7886 42.8687 34.6258 58.4669 ]
c0 = [ 67 191 119 133 233 144 130 168 128 250 ]
cp = [ 36.806 30.0406 34.1276 33.3996 29.7323 22.7806 36.5 33.017 35.7867 9.83139 ]
D = [ 34 528 155 16 415 464 196 154 150 516 456 399 336 374 351 106 20 322 50 307 533 385 56 410 ]
K = 11
nk = [ 130758296 32656 130758296 32656 0 0 0 0 48 0 ]
First = [ 1 1 1 1 1 1 1 1 1 1 ]
Last = [ 1 1 1 1 1 1 1 1 1 1 ]
nS = 10
S = [ 1 1 1 1 1 1 1 1 1 1 ]
