n = 10 ; 
T = 24 ; 
Init = [ 1 0 0 0 0 0 1 0 0 0 ]
L = [ 9 3 2 2 4 10 6 8 3 3 ]
l = [ 9 3 2 2 4 10 6 8 3 3 ]
Pmin = [ 99 38 14 24 32 100 69 88 34 33 ]
Pmax = [ 99 38 14 24 32 100 69 88 34 33 ]
cf = [ 51.6377 39.7214 13.2149 56.0771 16.8474 13.4363 49.5096 59.5914 41.0288 66.8922 ]
c0 = [ 250 108 51 78 93 250 189 235 108 98 ]
cp = [ 12.3222 31.1226 41.0588 40.6569 31.8144 8.13389 33.7111 23.0797 34.0502 37.6246 ]
D = [ 148 170 204 217 237 272 293 315 349 372 391 406 434 398 378 341 292 268 316 353 387 336 267 208 ]
K = 11
nk = [ 0 0 0 0 0 0 0 0 0 0 ]
First = [ 1 1 1 1 1 1 1 1 1 1 ]
Last = [ 1 1 1 1 1 1 1 1 1 1 ]
nS = 10
S = [ 1 1 1 1 1 1 1 1 1 1 ]
