n = 10 ; 
T = 24 ; 
Init = [ 1 1 0 1 1 0 1 1 1 1 ]
L = [ 7 8 6 6 9 9 3 4 8 5 ]
l = [ 7 8 6 6 9 9 3 4 8 5 ]
Pmin = [ 78 85 67 58 91 96 29 31 96 52 ]
Pmax = [ 78 85 67 58 91 96 29 31 96 52 ]
cf = [ 11.2096 51.7526 63.5036 65.1363 57.8324 37.4211 67.0411 44.0935 47.1065 60.9431 ]
c0 = [ 208 219 179 167 247 241 85 88 250 156 ]
cp = [ 23.6111 19.2255 25.0617 24.4837 13.2602 14.1458 32.1288 28.9862 21.2062 32.1516 ]
D = [ 621 343 156 307 222 264 522 619 308 473 275 633 659 515 461 540 518 600 628 421 544 673 223 473 ]
K = 11
nk = [ 0 0 0 0 0 0 0 0 0 0 ]
First = [ 1 1 1 1 1 1 1 1 1 1 ]
Last = [ 1 1 1 1 1 1 1 1 1 1 ]
nS = 10
S = [ 1 1 1 1 1 1 1 1 1 1 ]
