n = 10 ; 
T = 24 ; 
Init = [ 0 0 0 0 0 0 0 0 0 0 ]
L = [ 8 4 4 4 7 2 2 2 2 2 ]
l = [ 8 4 4 4 7 2 2 2 2 2 ]
Pmin = [ 88 54 54 54 72 15 15 15 15 15 ]
Pmax = [ 88 54 54 54 72 15 15 15 15 15 ]
cf = [ 17.3086 50.5636 50.5636 50.5636 31.9284 54.3483 54.3483 54.3483 54.3483 54.3483 ]
c0 = [ 235 150 150 150 205 51 51 51 51 51 ]
cp = [ 15.577 35.2845 35.2845 35.2845 26.0763 41.7268 41.7268 41.7268 41.7268 41.7268 ]
D = [ 319 76 35 4 201 353 248 270 357 95 393 224 273 389 307 255 395 327 129 88 89 194 362 247 ]
K = 4
nk = [ 1 2 2 2 3 4 4 4 4 4 ]
First = [ 1 1 0 0 1 1 0 0 0 0 ]
Last = [ 1 0 0 1 1 0 0 0 0 1 ]
nS = 4
S = [ 1 1 0 0 1 1 0 0 0 0 ]
