n = 10 ; 
T = 24 ; 
Init = [ 1 0 0 1 1 0 0 1 0 0 ]
L = [ 9 4 8 4 9 3 7 6 6 7 ]
l = [ 9 4 8 4 9 3 7 6 6 7 ]
Pmin = [ 100 44 88 45 96 33 75 58 69 84 ]
Pmax = [ 100 44 88 45 96 33 75 58 69 84 ]
cf = [ 27.1479 29.4965 17.3393 66.6911 11.6248 25.3574 40.4181 11.9432 32.3779 7.7696 ]
c0 = [ 250 132 238 124 250 92 208 157 181 232 ]
cp = [ 9.43671 33.4871 18.6516 29.1777 11.0131 40.8176 21.7258 18.4142 25.8998 32.3561 ]
D = [ 578 259 653 684 203 676 637 88 410 318 574 681 138 387 186 534 471 45 59 656 634 281 211 56 ]
K = 11
nk = [ 130758296 32656 130758296 32656 0 0 0 0 48 0 ]
First = [ 1 1 1 1 1 1 1 1 1 1 ]
Last = [ 1 1 1 1 1 1 1 1 1 1 ]
nS = 10
S = [ 1 1 1 1 1 1 1 1 1 1 ]
