n = 10 ; 
T = 24 ; 
Init = [ 0 1 0 0 0 1 1 1 1 1 ]
L = [ 7 3 4 8 3 5 8 9 7 8 ]
l = [ 7 3 4 8 3 5 8 9 7 8 ]
Pmin = [ 66 18 45 86 24 55 87 100 71 79 ]
Pmax = [ 66 18 45 86 24 55 87 100 71 79 ]
cf = [ 51.4296 38.754 59.1467 34.7033 25.9704 56.4541 41.1277 11.5895 52.5273 48.4785 ]
c0 = [ 169 66 130 230 74 150 232 250 183 216 ]
cp = [ 17.3239 40.2562 33.3005 22.1046 37.7465 29.8918 19.3498 13.4734 26.3365 16.8521 ]
D = [ 204 525 551 156 191 585 69 9 391 41 216 408 378 538 143 576 90 475 217 149 278 31 467 170 ]
K = 11
nk = [ 0 0 0 0 0 0 0 0 0 0 ]
First = [ 1 1 1 1 1 1 1 1 1 1 ]
Last = [ 1 1 1 1 1 1 1 1 1 1 ]
nS = 10
S = [ 1 1 1 1 1 1 1 1 1 1 ]
