n = 10 ; 
T = 24 ; 
Init = [ 1 1 0 0 1 0 0 0 1 1 ]
L = [ 4 7 6 6 3 6 4 9 4 8 ]
l = [ 4 7 6 6 3 6 4 9 4 8 ]
Pmin = [ 44 69 61 64 36 60 32 97 41 91 ]
Pmax = [ 44 69 61 64 36 60 32 97 41 91 ]
cf = [ 59.1686 28.7481 31.3349 31.7957 48.3576 59.2481 25.283 62.4123 37.9733 37.5793 ]
c0 = [ 124 186 156 172 103 165 94 250 125 236 ]
cp = [ 34.3306 17.5819 28.6756 36.1873 32.7534 20.1474 34.3902 15.4424 31.4673 22.9256 ]
D = [ 144 155 193 218 261 306 325 368 403 431 449 488 511 472 432 395 367 316 360 388 422 369 307 231 ]
K = 11
nk = [ 0 0 0 0 0 0 0 0 0 0 ]
First = [ 1 1 1 1 1 1 1 1 1 1 ]
Last = [ 1 1 1 1 1 1 1 1 1 1 ]
nS = 10
S = [ 1 1 1 1 1 1 1 1 1 1 ]
