n = 10 ; 
T = 24 ; 
Init = [ 0 1 1 1 0 0 1 1 0 0 ]
L = [ 6 7 4 7 4 5 5 3 8 8 ]
l = [ 6 7 4 7 4 5 5 3 8 8 ]
Pmin = [ 66 74 34 73 39 50 50 24 80 94 ]
Pmax = [ 66 74 34 73 39 50 50 24 80 94 ]
cf = [ 68.9561 60.7222 69.3744 10.9676 43.9526 35.5169 30.5819 52.3671 46.2471 59.5183 ]
c0 = [ 187 204 97 190 108 139 138 74 222 240 ]
cp = [ 22.4075 23.6332 34.2621 28.9065 36.221 20.8308 19.2038 40.8197 9.52219 16.6205 ]
D = [ 157 177 196 230 267 293 306 339 354 390 424 442 477 425 399 359 325 296 346 401 471 381 296 214 ]
K = 11
nk = [ -1959401832 32762 -1959401832 32762 0 0 0 0 48 0 ]
First = [ 1 1 1 1 1 1 1 1 1 1 ]
Last = [ 1 1 1 1 1 1 1 1 1 1 ]
nS = 10
S = [ 1 1 1 1 1 1 1 1 1 1 ]
