n = 10 ; 
T = 24 ; 
Init = [ 0 0 0 0 0 0 0 0 0 0 ]
L = [ 4 4 4 4 5 5 5 5 5 4 ]
l = [ 4 4 4 4 5 5 5 5 5 4 ]
Pmin = [ 42 42 42 42 51 51 51 51 51 42 ]
Pmax = [ 42 42 42 42 51 51 51 51 51 42 ]
cf = [ 53.7928 53.7928 53.7928 53.7928 38.6276 38.6276 38.6276 38.6276 38.6276 46.4803 ]
c0 = [ 118 118 118 118 138 138 138 138 138 121 ]
cp = [ 27.511 27.511 27.511 27.511 27.4714 27.4714 27.4714 27.4714 27.4714 26.4502 ]
D = [ 399 351 123 41 14 407 425 341 389 158 40 64 243 269 199 294 432 104 462 441 18 342 210 310 ]
K = 3
nk = [ 1 1 1 1 2 2 2 2 2 3 ]
First = [ 1 0 0 0 1 0 0 0 0 1 ]
Last = [ 0 0 0 1 0 0 0 0 1 1 ]
nS = 3
S = [ 1 0 0 0 1 0 0 0 0 1 ]
