n = 10 ; 
T = 24 ; 
Init = [ 1 1 1 0 0 1 0 1 0 1 ]
L = [ 9 3 2 5 8 3 2 5 4 8 ]
l = [ 9 3 2 5 8 3 2 5 4 8 ]
Pmin = [ 99 31 23 53 88 24 18 59 46 95 ]
Pmax = [ 99 31 23 53 88 24 18 59 46 95 ]
cf = [ 57.7601 68.8538 38.8956 35.2436 22.7399 41.3528 61.9735 60.212 32.5069 58.6809 ]
c0 = [ 250 89 87 149 226 79 66 166 137 250 ]
cp = [ 12.4868 37.4526 41.4715 31.8761 16.3862 40.5953 41.976 34.5441 32.111 20.9999 ]
D = [ 135 170 181 208 234 255 277 313 328 363 391 412 428 397 358 338 284 249 307 362 411 335 279 209 ]
K = 11
nk = [ -1959401832 32762 -1959401832 32762 0 0 0 0 48 0 ]
First = [ 1 1 1 1 1 1 1 1 1 1 ]
Last = [ 1 1 1 1 1 1 1 1 1 1 ]
nS = 10
S = [ 1 1 1 1 1 1 1 1 1 1 ]
