n = 10 ; 
T = 24 ; 
Init = [ 1 1 0 0 1 1 1 1 1 0 ]
L = [ 7 7 5 7 5 6 3 3 3 3 ]
l = [ 7 7 5 7 5 6 3 3 3 3 ]
Pmin = [ 72 70 49 87 56 57 36 25 29 29 ]
Pmax = [ 72 70 49 87 56 57 36 25 29 29 ]
cf = [ 32.9365 18.5915 63.4857 59.1297 13.3038 52.597 62.0542 42.0066 57.2995 25.0451 ]
c0 = [ 190 188 149 227 155 155 117 76 94 90 ]
cp = [ 15.7886 30.6394 33.7638 14.262 27.8552 25.7598 40.9561 29.5746 36.2456 39.3852 ]
D = [ 183 199 452 398 178 246 437 166 276 206 39 451 407 2 145 125 175 131 225 490 356 435 74 304 ]
K = 11
nk = [ 130758296 32656 130758296 32656 0 0 0 0 48 0 ]
First = [ 1 1 1 1 1 1 1 1 1 1 ]
Last = [ 1 1 1 1 1 1 1 1 1 1 ]
nS = 10
S = [ 1 1 1 1 1 1 1 1 1 1 ]
