n = 10 ; 
T = 24 ; 
Init = [ 1 1 0 0 1 1 0 1 0 1 ]
L = [ 8 3 9 9 7 3 3 10 9 6 ]
l = [ 8 3 9 9 7 3 3 10 9 6 ]
Pmin = [ 91 23 100 93 80 29 36 100 96 67 ]
Pmax = [ 91 23 100 93 80 29 36 100 96 67 ]
cf = [ 54.1718 26.5676 67.068 53.7801 44.6547 50.8709 65.6946 63.4317 55.903 19.109 ]
c0 = [ 246 81 250 240 212 92 99 250 250 191 ]
cp = [ 24.2639 40.8213 17.1999 9.86834 12.3919 40.201 34.0695 10.6872 13.0936 20.4928 ]
D = [ 217 244 279 304 356 387 404 452 496 515 540 587 622 562 529 462 428 354 419 494 558 472 370 279 ]
K = 11
nk = [ -1959401832 32762 -1959401832 32762 0 0 0 0 48 0 ]
First = [ 1 1 1 1 1 1 1 1 1 1 ]
Last = [ 1 1 1 1 1 1 1 1 1 1 ]
nS = 10
S = [ 1 1 1 1 1 1 1 1 1 1 ]
