n = 10 ; 
T = 24 ; 
Init = [ 0 0 0 1 1 1 1 1 0 0 ]
L = [ 3 3 3 8 8 8 8 9 3 3 ]
l = [ 3 3 3 8 8 8 8 9 3 3 ]
Pmin = [ 38 38 38 95 95 95 95 97 22 22 ]
Pmax = [ 38 38 38 95 95 95 95 97 22 22 ]
cf = [ 46.118 46.118 46.118 13.9344 13.9344 13.9344 13.9344 53.6456 27.3126 27.3126 ]
c0 = [ 108 108 108 247 247 247 247 250 70 70 ]
cp = [ 35.5227 35.5227 35.5227 17.4392 17.4392 17.4392 17.4392 10.7083 38.3242 38.3242 ]
D = [ 411 473 168 601 59 12 195 83 386 586 470 551 203 245 126 100 106 66 301 298 43 61 368 514 ]
K = 4
nk = [ 1 1 1 2 2 2 2 3 4 4 ]
First = [ 1 0 0 1 0 0 0 1 1 0 ]
Last = [ 0 0 1 0 0 0 1 1 0 1 ]
nS = 4
S = [ 1 0 0 1 0 0 0 1 1 0 ]
