n = 10 ; 
T = 24 ; 
Init = [ 1 1 1 1 0 1 1 1 0 0 ]
L = [ 8 9 5 8 8 3 6 2 10 2 ]
l = [ 8 9 5 8 8 3 6 2 10 2 ]
Pmin = [ 96 100 56 84 88 31 57 16 100 13 ]
Pmax = [ 96 100 56 84 88 31 57 16 100 13 ]
cf = [ 9.83387 26.8194 45.4591 53.2234 11.2255 54.646 36.4525 26.1766 65.9035 12.4572 ]
c0 = [ 250 250 152 221 224 95 150 65 250 58 ]
cp = [ 13.2264 10.4496 28.8296 28.3772 17.6219 39.0851 37.6197 40.485 10.7828 40.9572 ]
D = [ 164 209 239 244 294 305 346 364 402 448 457 503 515 496 435 411 375 321 376 440 491 408 333 275 ]
K = 11
nk = [ -1959401832 32762 -1959401832 32762 0 0 0 0 48 0 ]
First = [ 1 1 1 1 1 1 1 1 1 1 ]
Last = [ 1 1 1 1 1 1 1 1 1 1 ]
nS = 10
S = [ 1 1 1 1 1 1 1 1 1 1 ]
