n = 10 ; 
T = 24 ; 
Init = [ 1 1 1 1 1 1 0 1 1 1 ]
L = [ 4 6 4 9 4 5 5 5 5 5 ]
l = [ 4 6 4 9 4 5 5 5 5 5 ]
Pmin = [ 36 55 40 100 44 47 58 54 49 47 ]
Pmax = [ 36 55 40 100 44 47 58 54 49 47 ]
cf = [ 7.13153 62.5113 40.1045 32.2281 13.9511 23.9353 38.1041 48.0812 47.242 64.7948 ]
c0 = [ 102 153 127 250 118 135 161 146 141 126 ]
cp = [ 35.5666 16.4407 37.809 13.2428 30.9928 25.8628 24.2826 24.1187 37.9916 29.3529 ]
D = [ 427 170 18 76 78 318 429 527 267 365 276 378 105 230 370 148 17 107 285 315 174 286 252 452 ]
K = 11
nk = [ 130758296 32656 130758296 32656 0 0 0 0 48 0 ]
First = [ 1 1 1 1 1 1 1 1 1 1 ]
Last = [ 1 1 1 1 1 1 1 1 1 1 ]
nS = 10
S = [ 1 1 1 1 1 1 1 1 1 1 ]
