n = 10 ; 
T = 24 ; 
Init = [ 0 0 0 0 1 0 0 1 0 1 ]
L = [ 3 8 8 4 4 3 7 6 8 3 ]
l = [ 3 8 8 4 4 3 7 6 8 3 ]
Pmin = [ 34 95 89 42 40 35 79 67 89 36 ]
Pmax = [ 34 95 89 42 40 35 79 67 89 36 ]
cf = [ 29.6373 37.9005 55.0479 27.2905 49.8543 69.9289 64.9796 15.2448 57.8845 30.9827 ]
c0 = [ 103 240 239 122 124 99 203 188 238 105 ]
cp = [ 31.5595 11.4803 18.0606 30.2562 28.8525 32.296 19.4992 23.5906 15.079 31.7032 ]
D = [ 40 62 221 370 390 592 90 30 515 580 15 213 24 414 492 545 548 584 389 337 178 0 28 34 ]
K = 11
nk = [ 130758296 32656 130758296 32656 0 0 0 0 48 0 ]
First = [ 1 1 1 1 1 1 1 1 1 1 ]
Last = [ 1 1 1 1 1 1 1 1 1 1 ]
nS = 10
S = [ 1 1 1 1 1 1 1 1 1 1 ]
