n = 10 ; 
T = 24 ; 
Init = [ 1 1 1 1 1 0 0 0 0 0 ]
L = [ 8 8 8 8 8 6 6 6 6 6 ]
l = [ 8 8 8 8 8 6 6 6 6 6 ]
Pmin = [ 77 77 77 77 77 69 69 69 69 69 ]
Pmax = [ 77 77 77 77 77 69 69 69 69 69 ]
cf = [ 30.8885 30.8885 30.8885 30.8885 30.8885 29.0524 29.0524 29.0524 29.0524 29.0524 ]
c0 = [ 216 216 216 216 216 181 181 181 181 181 ]
cp = [ 17.6219 17.6219 17.6219 17.6219 17.6219 23.0565 23.0565 23.0565 23.0565 23.0565 ]
D = [ 602 129 84 375 84 419 255 628 697 385 652 611 573 38 194 326 419 619 372 460 648 649 716 250 ]
K = 2
nk = [ 1 1 1 1 1 2 2 2 2 2 ]
First = [ 1 0 0 0 0 1 0 0 0 0 ]
Last = [ 0 0 0 0 1 0 0 0 0 1 ]
nS = 2
S = [ 1 0 0 0 0 1 0 0 0 0 ]
