n = 10 ; 
T = 24 ; 
Init = [ 1 1 1 1 1 1 1 1 1 1 ]
L = [ 7 7 7 7 7 7 9 9 9 9 ]
l = [ 7 7 7 7 7 7 9 9 9 9 ]
Pmin = [ 77 77 76 76 76 76 100 100 100 100 ]
Pmax = [ 77 77 76 76 76 76 100 100 100 100 ]
cf = [ 61.6077 61.6077 64.9029 64.9029 64.9029 64.9029 17.0589 17.0589 17.0589 17.0589 ]
c0 = [ 215 215 193 193 193 193 250 250 250 250 ]
cp = [ 20.9352 20.9352 24.4803 24.4803 24.4803 24.4803 16.0604 16.0604 16.0604 16.0604 ]
D = [ 633 191 711 552 201 574 75 52 856 604 117 800 618 227 287 251 576 622 289 95 487 175 26 624 ]
K = 3
nk = [ 1 1 2 2 2 2 3 3 3 3 ]
First = [ 1 0 1 0 0 0 1 0 0 0 ]
Last = [ 0 1 0 0 0 1 0 0 0 1 ]
nS = 3
S = [ 1 0 1 0 0 0 1 0 0 0 ]
