n = 10 ; 
T = 24 ; 
Init = [ 0 0 0 0 1 0 1 1 1 0 ]
L = [ 8 8 5 3 4 6 4 5 5 9 ]
l = [ 8 8 5 3 4 6 4 5 5 9 ]
Pmin = [ 89 93 55 33 38 66 34 46 49 95 ]
Pmax = [ 89 93 55 33 38 66 34 46 49 95 ]
cf = [ 26.8282 16.142 34.3965 63.7316 60.3077 34.9348 23.3342 61.217 40.1399 63.2531 ]
c0 = [ 225 246 143 112 110 187 107 141 133 250 ]
cp = [ 23.9286 15.8284 28.5365 38.2171 34.7684 18.7958 34.1898 27.4182 23.871 10.2769 ]
D = [ 49 443 436 246 571 297 459 244 360 590 452 379 322 456 363 565 330 174 544 459 136 134 546 396 ]
K = 11
nk = [ 130758264 32656 130758264 32656 0 0 0 0 0 0 ]
First = [ 1 1 1 1 1 1 1 1 1 1 ]
Last = [ 1 1 1 1 1 1 1 1 1 1 ]
nS = 10
S = [ 1 1 1 1 1 1 1 1 1 1 ]
