n = 10 ; 
T = 24 ; 
Init = [ 0 1 0 1 1 0 0 0 1 0 ]
L = [ 7 2 4 5 3 5 9 6 9 6 ]
l = [ 7 2 4 5 3 5 9 6 9 6 ]
Pmin = [ 78 12 38 57 20 47 100 64 93 66 ]
Pmax = [ 78 12 38 57 20 47 100 64 93 66 ]
cf = [ 15.3843 9.10695 12.3795 41.7423 37.6487 14.3548 64.5691 22.8417 55.7099 27.3071 ]
c0 = [ 217 52 105 166 75 132 250 173 233 189 ]
cp = [ 18.8793 40.4968 37.8501 31.8264 40.2195 19.7215 15.5307 22.8745 12.7591 25.2269 ]
D = [ 125 147 175 213 226 254 299 329 347 385 410 445 463 443 405 356 341 301 334 389 429 356 284 211 ]
K = 11
nk = [ -1959401832 32762 -1959401832 32762 0 0 0 0 48 0 ]
First = [ 1 1 1 1 1 1 1 1 1 1 ]
Last = [ 1 1 1 1 1 1 1 1 1 1 ]
nS = 10
S = [ 1 1 1 1 1 1 1 1 1 1 ]
