n = 10 ; 
T = 24 ; 
Init = [ 0 1 1 1 0 1 1 0 0 0 ]
L = [ 4 8 9 8 7 6 5 6 9 3 ]
l = [ 4 8 9 8 7 6 5 6 9 3 ]
Pmin = [ 43 83 95 90 74 57 48 76 99 32 ]
Pmax = [ 43 83 95 90 74 57 48 76 99 32 ]
cf = [ 27.5359 39.2358 25.0627 12.4085 27.6432 61.7298 56.6606 28.6229 60.9117 44.4551 ]
c0 = [ 114 221 244 236 193 167 133 210 250 109 ]
cp = [ 26.7635 14.2553 12.1989 12.1332 35.5211 25.986 28.0781 26.7633 16.5607 33.1001 ]
D = [ 190 221 258 279 325 341 371 401 440 474 498 528 573 509 463 440 386 345 395 471 545 459 355 265 ]
K = 11
nk = [ -1959401864 32762 -1959401864 32762 0 0 0 0 0 0 ]
First = [ 1 1 1 1 1 1 1 1 1 1 ]
Last = [ 1 1 1 1 1 1 1 1 1 1 ]
nS = 10
S = [ 1 1 1 1 1 1 1 1 1 1 ]
