n = 10 ; 
T = 24 ; 
Init = [ 1 1 1 1 1 0 0 0 0 1 ]
L = [ 9 9 9 9 9 6 6 6 6 4 ]
l = [ 9 9 9 9 9 6 6 6 6 4 ]
Pmin = [ 100 100 100 100 100 65 65 65 65 36 ]
Pmax = [ 100 100 100 100 100 65 65 65 65 36 ]
cf = [ 58.6947 58.6947 58.6947 58.6947 58.6947 23.9811 23.9811 23.9811 23.9811 53.4167 ]
c0 = [ 250 250 250 250 250 188 188 188 188 112 ]
cp = [ 12.3228 12.3228 12.3228 12.3228 12.3228 21.4768 21.4768 21.4768 21.4768 25.9139 ]
D = [ 662 736 512 675 279 414 315 280 773 703 722 701 693 465 207 218 154 190 307 449 729 164 664 519 ]
K = 3
nk = [ 1 1 1 1 1 2 2 2 2 3 ]
First = [ 1 0 0 0 0 1 0 0 0 1 ]
Last = [ 0 0 0 0 1 0 0 0 1 1 ]
nS = 3
S = [ 1 0 0 0 0 1 0 0 0 1 ]
