n = 10 ; 
T = 24 ; 
Init = [ 0 1 0 0 1 0 0 1 1 0 ]
L = [ 6 5 7 8 8 4 2 7 10 7 ]
l = [ 6 5 7 8 8 4 2 7 10 7 ]
Pmin = [ 66 50 66 87 89 42 24 72 100 69 ]
Pmax = [ 66 50 66 87 89 42 24 72 100 69 ]
cf = [ 63.4784 32.3826 52.8529 24.3851 16.3426 31.5825 42.8037 9.65032 15.7378 53.6657 ]
c0 = [ 176 132 175 221 234 131 90 201 250 190 ]
cp = [ 20.5331 31.8605 17.7047 23.1551 24.0436 31.5776 41.1117 24.6577 11.9096 27.3729 ]
D = [ 521 50 357 32 332 343 393 187 446 653 235 638 48 449 58 370 377 27 267 188 423 199 456 242 ]
K = 11
nk = [ 0 0 0 0 0 0 0 0 0 0 ]
First = [ 1 1 1 1 1 1 1 1 1 1 ]
Last = [ 1 1 1 1 1 1 1 1 1 1 ]
nS = 10
S = [ 1 1 1 1 1 1 1 1 1 1 ]
