n = 10 ; 
T = 24 ; 
Init = [ 0 1 0 1 1 0 0 0 1 1 ]
L = [ 5 5 9 5 7 9 8 4 10 9 ]
l = [ 5 5 9 5 7 9 8 4 10 9 ]
Pmin = [ 54 47 98 50 77 94 85 42 100 100 ]
Pmax = [ 54 47 98 50 77 94 85 42 100 100 ]
cf = [ 26.7432 21.8509 35.4671 60.4436 58.3153 64.9727 65.9218 52.6291 34.7376 63.0932 ]
c0 = [ 147 140 250 150 203 250 230 130 250 250 ]
cp = [ 25.537 28.0508 14.8678 26.5299 24.3837 11.1611 14.2566 36.4817 10.9459 9.03363 ]
D = [ 150 196 238 269 310 351 393 416 453 504 540 586 609 567 520 475 446 397 454 502 548 460 361 253 ]
K = 11
nk = [ -1959401832 32762 -1959401832 32762 0 0 0 0 48 0 ]
First = [ 1 1 1 1 1 1 1 1 1 1 ]
Last = [ 1 1 1 1 1 1 1 1 1 1 ]
nS = 10
S = [ 1 1 1 1 1 1 1 1 1 1 ]
