n = 10 ; 
T = 24 ; 
Init = [ 1 1 1 0 0 1 1 1 0 0 ]
L = [ 8 8 6 4 5 4 8 8 7 5 ]
l = [ 8 8 6 4 5 4 8 8 7 5 ]
Pmin = [ 97 90 67 41 62 33 86 85 65 38 ]
Pmax = [ 97 90 67 41 62 33 86 85 65 38 ]
cf = [ 29.9976 50.886 8.4066 8.6503 62.7239 48.065 37.7205 9.30747 10.201 54.0031 ]
c0 = [ 250 243 172 118 167 94 220 216 167 107 ]
cp = [ 12.5203 21.8477 29.2434 36.6022 34.2363 36.7299 14.8946 15.2271 25.8589 29.489 ]
D = [ 142 176 205 237 286 313 357 388 421 449 504 533 560 535 484 437 389 347 405 454 504 419 353 255 ]
K = 11
nk = [ -1959401832 32762 -1959401832 32762 0 0 0 0 48 0 ]
First = [ 1 1 1 1 1 1 1 1 1 1 ]
Last = [ 1 1 1 1 1 1 1 1 1 1 ]
nS = 10
S = [ 1 1 1 1 1 1 1 1 1 1 ]
