n = 10 ; 
T = 24 ; 
Init = [ 0 0 1 1 0 0 0 0 0 0 ]
L = [ 7 7 2 6 9 9 7 4 4 5 ]
l = [ 7 7 2 6 9 9 7 4 4 5 ]
Pmin = [ 79 73 22 61 100 100 86 39 44 52 ]
Pmax = [ 79 73 22 61 100 100 86 39 44 52 ]
cf = [ 22.5751 44.2029 57.1283 17.4076 47.5188 46.7835 18.568 31.8254 24.1405 46.7333 ]
c0 = [ 213 187 71 157 250 250 231 110 132 139 ]
cp = [ 26.0411 20.3912 41.0225 34.7327 11.9918 9.68068 16.5696 30.6509 34.8424 34.9558 ]
D = [ 251 126 236 359 642 324 211 569 521 37 591 225 89 174 241 359 626 61 508 429 173 14 161 39 ]
K = 11
nk = [ 130758296 32656 130758296 32656 0 0 0 0 48 0 ]
First = [ 1 1 1 1 1 1 1 1 1 1 ]
Last = [ 1 1 1 1 1 1 1 1 1 1 ]
nS = 10
S = [ 1 1 1 1 1 1 1 1 1 1 ]
