n = 10 ; 
T = 24 ; 
Init = [ 1 1 1 1 1 1 1 1 1 1 ]
L = [ 4 3 3 3 3 3 2 2 2 2 ]
l = [ 4 3 3 3 3 3 2 2 2 2 ]
Pmin = [ 36 31 31 31 31 31 20 20 20 20 ]
Pmax = [ 36 31 31 31 31 31 20 20 20 20 ]
cf = [ 26.495 24.142 24.142 24.142 24.142 24.142 47.5927 47.5927 47.5927 47.5927 ]
c0 = [ 103 90 90 90 90 90 68 68 68 68 ]
cp = [ 31.9926 19.0995 19.0995 19.0995 19.0995 19.0995 41.9802 41.9802 41.9802 41.9802 ]
D = [ 40 73 179 2 62 233 44 25 1 217 1 74 265 119 9 50 214 79 239 9 240 52 83 143 ]
K = 3
nk = [ 1 2 2 2 2 2 3 3 3 3 ]
First = [ 1 1 0 0 0 0 1 0 0 0 ]
Last = [ 1 0 0 0 0 1 0 0 0 1 ]
nS = 3
S = [ 1 1 0 0 0 0 1 0 0 0 ]
