n = 10 ; 
T = 24 ; 
Init = [ 0 0 0 0 1 1 1 1 0 0 ]
L = [ 8 8 8 8 9 9 9 9 4 4 ]
l = [ 8 8 8 8 9 9 9 9 4 4 ]
Pmin = [ 88 88 88 88 100 100 100 100 38 38 ]
Pmax = [ 88 88 88 88 100 100 100 100 38 38 ]
cf = [ 22.1833 22.1833 22.1833 22.1833 13.5835 13.5835 13.5835 13.5835 62.1431 62.1431 ]
c0 = [ 233 233 233 233 250 250 250 250 114 114 ]
cp = [ 17.4749 17.4749 17.4749 17.4749 10.5578 10.5578 10.5578 10.5578 33.0652 33.0652 ]
D = [ 323 44 197 733 796 113 207 422 2 612 184 450 26 678 551 396 273 794 404 439 761 603 526 658 ]
K = 3
nk = [ 1 1 1 1 2 2 2 2 3 3 ]
First = [ 1 0 0 0 1 0 0 0 1 0 ]
Last = [ 0 0 0 1 0 0 0 1 0 1 ]
nS = 3
S = [ 1 0 0 0 1 0 0 0 1 0 ]
