n = 10 ; 
T = 24 ; 
Init = [ 0 1 1 0 0 1 1 0 0 0 ]
L = [ 7 4 8 9 7 9 9 6 7 4 ]
l = [ 7 4 8 9 7 9 9 6 7 4 ]
Pmin = [ 69 35 83 99 68 90 96 69 77 38 ]
Pmax = [ 69 35 83 99 68 90 96 69 77 38 ]
cf = [ 55.0571 62.2169 28.973 42.8986 37.6625 62.543 53.3767 60.5477 60.9595 50.3964 ]
c0 = [ 191 99 220 250 185 244 250 196 206 118 ]
cp = [ 20.2885 38.6083 24.5403 19.3796 23.1388 16.0573 9.4302 30.469 16.4397 36.8371 ]
D = [ 712 194 530 287 592 650 612 400 288 187 148 76 290 485 609 666 399 341 629 31 100 457 665 352 ]
K = 11
nk = [ 130758296 32656 130758296 32656 0 0 0 0 48 0 ]
First = [ 1 1 1 1 1 1 1 1 1 1 ]
Last = [ 1 1 1 1 1 1 1 1 1 1 ]
nS = 10
S = [ 1 1 1 1 1 1 1 1 1 1 ]
