n = 10 ; 
T = 24 ; 
Init = [ 1 1 1 1 0 0 0 0 1 1 ]
L = [ 7 7 7 7 5 5 5 5 2 2 ]
l = [ 7 7 7 7 5 5 5 5 2 2 ]
Pmin = [ 78 78 78 78 61 61 61 61 20 20 ]
Pmax = [ 78 78 78 78 61 61 61 61 20 20 ]
cf = [ 47.7388 47.7388 47.7388 47.7388 10.1754 10.1754 10.1754 10.1754 19.1515 19.1515 ]
c0 = [ 217 217 217 217 171 171 171 171 72 72 ]
cp = [ 17.607 17.607 17.607 17.607 27.1162 27.1162 27.1162 27.1162 40.2613 40.2613 ]
D = [ 253 117 114 402 185 411 33 445 538 156 261 449 505 43 257 270 218 596 377 458 216 167 488 331 ]
K = 3
nk = [ 1 1 1 1 2 2 2 2 3 3 ]
First = [ 1 0 0 0 1 0 0 0 1 0 ]
Last = [ 0 0 0 1 0 0 0 1 0 1 ]
nS = 3
S = [ 1 0 0 0 1 0 0 0 1 0 ]
