n = 10 ; 
T = 24 ; 
Init = [ 1 1 1 0 0 0 0 0 0 0 ]
L = [ 6 6 6 8 8 4 6 6 6 6 ]
l = [ 6 6 6 8 8 4 6 6 6 6 ]
Pmin = [ 64 64 64 91 91 53 66 66 66 66 ]
Pmax = [ 64 64 64 91 91 53 66 66 66 66 ]
cf = [ 14.6763 14.6763 14.6763 45.2291 45.2291 24.7278 12.219 12.219 12.219 12.219 ]
c0 = [ 181 181 181 250 250 143 189 189 189 189 ]
cp = [ 26.9609 26.9609 26.9609 15.7912 15.7912 32.6676 30.503 30.503 30.503 30.503 ]
D = [ 299 385 45 162 179 305 586 558 282 375 578 149 370 50 89 243 257 15 302 231 442 386 650 636 ]
K = 4
nk = [ 1 1 1 2 2 3 4 4 4 4 ]
First = [ 1 0 0 1 0 1 1 0 0 0 ]
Last = [ 0 0 1 0 1 1 0 0 0 1 ]
nS = 4
S = [ 1 0 0 1 0 1 1 0 0 0 ]
