n = 10 ; 
T = 24 ; 
Init = [ 1 1 0 1 0 1 0 0 1 1 ]
L = [ 9 3 7 5 4 3 3 9 9 8 ]
l = [ 9 3 7 5 4 3 3 9 9 8 ]
Pmin = [ 94 31 76 45 41 31 28 94 93 81 ]
Pmax = [ 94 31 76 45 41 31 28 94 93 81 ]
cf = [ 57.4292 51.4816 45.2285 18.5492 20.317 13.5086 53.3989 62.3751 59.0235 34.9486 ]
c0 = [ 237 103 211 140 120 103 99 250 247 217 ]
cp = [ 17.7086 40.3021 16.7481 30.6949 33.3923 35.6054 37.7655 27.0788 15.1672 19.6518 ]
D = [ 606 439 473 127 565 22 124 311 169 242 565 220 115 440 219 420 341 205 406 104 579 284 538 338 ]
K = 11
nk = [ 130758296 32656 130758296 32656 0 0 0 0 48 0 ]
First = [ 1 1 1 1 1 1 1 1 1 1 ]
Last = [ 1 1 1 1 1 1 1 1 1 1 ]
nS = 10
S = [ 1 1 1 1 1 1 1 1 1 1 ]
