n = 10 ; 
T = 24 ; 
Init = [ 0 1 1 1 1 1 0 0 0 1 ]
L = [ 7 9 9 9 9 9 4 4 4 8 ]
l = [ 7 9 9 9 9 9 4 4 4 8 ]
Pmin = [ 72 100 100 100 100 100 34 34 34 96 ]
Pmax = [ 72 100 100 100 100 100 34 34 34 96 ]
cf = [ 64.2292 61.5012 61.5012 61.5012 61.5012 61.5012 21.2932 21.2932 21.2932 15.9715 ]
c0 = [ 184 250 250 250 250 250 98 98 98 241 ]
cp = [ 23.2853 18.2323 18.2323 18.2323 18.2323 18.2323 36.0206 36.0206 36.0206 16.266 ]
D = [ 659 254 142 344 708 495 737 446 637 518 126 679 536 360 738 83 508 422 407 147 600 337 43 4 ]
K = 4
nk = [ 1 2 2 2 2 2 3 3 3 4 ]
First = [ 1 1 0 0 0 0 1 0 0 1 ]
Last = [ 1 0 0 0 0 1 0 0 1 1 ]
nS = 4
S = [ 1 1 0 0 0 0 1 0 0 1 ]
