n = 10 ; 
T = 24 ; 
Init = [ 0 0 1 0 1 0 1 0 1 1 ]
L = [ 4 6 7 5 4 9 6 6 6 9 ]
l = [ 4 6 7 5 4 9 6 6 6 9 ]
Pmin = [ 39 62 74 46 36 98 61 65 67 100 ]
Pmax = [ 39 62 74 46 36 98 61 65 67 100 ]
cf = [ 68.8009 45.159 30.4973 26.2317 14.0546 15.6936 42.9904 59.9136 53.0171 11.5773 ]
c0 = [ 115 161 207 127 107 250 172 180 186 250 ]
cp = [ 27.0878 23.0369 17.2403 21.2082 36.507 15.4258 24.0789 19.0988 24.6276 9.90161 ]
D = [ 512 128 561 184 172 4 367 514 230 168 457 570 228 347 123 524 629 610 287 421 531 275 166 125 ]
K = 11
nk = [ 130758296 32656 130758296 32656 0 0 0 0 48 0 ]
First = [ 1 1 1 1 1 1 1 1 1 1 ]
Last = [ 1 1 1 1 1 1 1 1 1 1 ]
nS = 10
S = [ 1 1 1 1 1 1 1 1 1 1 ]
