n = 10 ; 
T = 48 ; 
Init = [ 0 1 0 1 1 0 1 1 1 1 ]
L = [ 4 6 2 4 7 6 8 5 5 6 ]
l = [ 4 6 2 4 7 6 8 5 5 6 ]
Pmin = [ 44 65 19 38 71 67 87 54 55 65 ]
Pmax = [ 44 65 19 38 71 67 87 54 55 65 ]
cf = [ 60.6212 40.0556 64.3505 33.7714 12.8239 49.3142 15.4942 65.8274 32.0463 31.3691 ]
c0 = [ 119 171 71 110 184 191 232 149 155 173 ]
cp = [ 31.7435 27.9961 41.4644 23.3614 18.4666 31.3707 22.7153 26.3561 25.5423 21.1616 ]
D = [ 167 194 224 232 269 295 313 353 366 399 411 441 469 433 402 358 312 274 328 382 425 347 290 207 140 169 195 227 259 290 333 342 388 422 441 472 514 460 416 361 315 267 327 382 437 349 268 211 ]
K = 11
nk = [ 0 0 0 0 0 0 0 0 0 0 ]
First = [ 0 0 0 0 0 0 0 0 0 0 ]
Last = [ 0 0 0 0 0 0 0 0 0 0 ]
nS = 1
S = [ 0 0 0 0 0 0 0 0 0 0 ]
