n = 10 ; 
T = 48 ; 
Init = [ 0 1 0 0 1 0 0 0 0 0 ]
L = [ 2 3 3 9 3 8 4 8 5 3 ]
l = [ 2 3 3 9 3 8 4 8 5 3 ]
Pmin = [ 20 37 27 95 19 85 33 85 49 24 ]
Pmax = [ 20 37 27 95 19 85 33 85 49 24 ]
cf = [ 45.3795 15.151 56.3964 25.5486 20.9867 10.2379 49.3415 28.3061 15.7693 51.5677 ]
c0 = [ 79 104 78 240 76 234 103 215 145 90 ]
cp = [ 40.8034 39.9395 36.8085 9.49221 37.9266 22.4265 31.7198 12.5038 35.2281 31.5228 ]
D = [ 141 163 184 210 224 251 274 293 319 341 356 382 399 369 337 305 269 247 276 318 362 294 234 178 126 149 164 186 209 228 261 270 291 321 353 375 379 366 334 309 276 242 295 316 357 297 224 173 ]
K = 11
nk = [ 0 0 0 0 0 0 0 0 0 0 ]
First = [ 0 0 0 0 0 0 0 0 0 0 ]
Last = [ 0 0 0 0 0 0 0 0 0 0 ]
nS = 1
S = [ 0 0 0 0 0 0 0 0 0 0 ]
