n = 10 ; 
T = 10 ; 
Init = [ 0 0 0 0 0 0 0 0 0 1 ]
L = [ 8 8 8 8 8 5 3 6 6 5 ]
l = [ 8 8 8 8 8 5 3 6 6 5 ]
Pmin = [ 83 83 83 83 83 54 30 69 69 53 ]
Pmax = [ 83 83 83 83 83 54 30 69 69 53 ]
cf = [ 49.6906 49.6906 49.6906 49.6906 49.6906 15.2323 53.5583 35.2322 35.2322 63.7336 ]
c0 = [ 219 219 219 219 219 147 98 177 177 154 ]
cp = [ 14.8031 14.8031 14.8031 14.8031 14.8031 29.6806 29.4582 17.7113 17.7113 21.536 ]
D = [ 156 400 60 303 288 61 400 334 14 26 23 311 234 523 324 81 267 389 650 75 673 427 165 493 ]
K = 5
nk = [ 1 1 1 1 1 2 3 4 4 5 ]
First = [ 1 0 0 0 0 1 1 1 0 1 ]
Last = [ 0 0 0 0 1 1 1 0 1 1 ]
nS = 1
S = [ 1 0 0 0 0 1 1 1 0 1 ]
