n = 20 ; 
T = 24 ; 
Init = [ 1 1 1 1 1 1 1 1 1 1 1 1 1 1 1 1 1 1 1 0 ]
L = [ 9 9 9 9 9 9 9 9 9 5 5 5 5 5 5 5 5 5 5 4 ]
l = [ 9 9 9 9 9 9 9 9 9 5 5 5 5 5 5 5 5 5 5 4 ]
Pmin = [ 99 99 99 99 99 99 99 99 99 48 48 48 48 48 48 48 48 48 48 52 ]
Pmax = [ 99 99 99 99 99 99 99 99 99 48 48 48 48 48 48 48 48 48 48 52 ]
cf = [ 26.7979 26.7979 26.7979 26.7979 26.7979 26.7979 26.7979 26.7979 26.7979 58.6972 58.6972 58.6972 58.6972 58.6972 58.6972 58.6972 58.6972 58.6972 58.6972 64.4798 ]
c0 = [ 250 250 250 250 250 250 250 250 250 141 141 141 141 141 141 141 141 141 141 136 ]
cp = [ 16.9394 16.9394 16.9394 16.9394 16.9394 16.9394 16.9394 16.9394 16.9394 21.3577 21.3577 21.3577 21.3577 21.3577 21.3577 21.3577 21.3577 21.3577 21.3577 39.9617 ]
D = [ 1172 1291 222 979 1072 1190 1117 1160 54 860 467 502 604 343 1249 56 1354 1237 1088 284 194 1388 161 101 ]
K = 3
nk = [ 1 1 1 1 1 1 1 1 1 2 2 2 2 2 2 2 2 2 2 3 ]
First = [ 1 0 0 0 0 0 0 0 0 1 0 0 0 0 0 0 0 0 0 1 ]
Last = [ 0 0 0 0 0 0 0 0 1 0 0 0 0 0 0 0 0 0 1 1 ]
nS = 3
S = [ 1 0 0 0 0 0 0 0 0 1 0 0 0 0 0 0 0 0 0 1 ]
