n = 20 ; 
T = 24 ; 
Init = [ 0 0 0 0 0 1 1 1 1 1 1 1 1 1 1 1 1 1 1 1 ]
L = [ 5 5 5 5 5 4 4 3 3 3 3 3 3 3 3 3 3 3 3 3 ]
l = [ 5 5 5 5 5 4 4 3 3 3 3 3 3 3 3 3 3 3 3 3 ]
Pmin = [ 59 59 59 59 59 44 44 29 29 29 29 29 29 29 29 29 27 27 27 27 ]
Pmax = [ 59 59 59 59 59 44 44 29 29 29 29 29 29 29 29 29 27 27 27 27 ]
cf = [ 59.6992 59.6992 59.6992 59.6992 59.6992 64.1322 64.1322 20.3623 20.3623 20.3623 20.3623 20.3623 20.3623 20.3623 20.3623 20.3623 7.5849 7.5849 7.5849 7.5849 ]
c0 = [ 156 156 156 156 156 118 118 92 92 92 92 92 92 92 92 92 96 96 96 96 ]
cp = [ 21.576 21.576 21.576 21.576 21.576 30.2817 30.2817 34.8241 34.8241 34.8241 34.8241 34.8241 34.8241 34.8241 34.8241 34.8241 39.5662 39.5662 39.5662 39.5662 ]
D = [ 479 253 157 662 518 371 115 375 649 50 305 526 732 464 533 95 562 196 649 319 388 219 244 628 ]
K = 4
nk = [ 1 1 1 1 1 2 2 3 3 3 3 3 3 3 3 3 4 4 4 4 ]
First = [ 1 0 0 0 0 1 0 1 0 0 0 0 0 0 0 0 1 0 0 0 ]
Last = [ 0 0 0 0 1 0 1 0 0 0 0 0 0 0 0 1 0 0 0 1 ]
nS = 4
S = [ 1 0 0 0 0 1 0 1 0 0 0 0 0 0 0 0 1 0 0 0 ]
