n = 20 ; 
T = 24 ; 
Init = [ 1 1 1 1 1 1 0 0 0 0 0 0 0 0 0 1 1 1 1 1 ]
L = [ 8 8 8 8 8 8 8 8 7 7 7 7 7 7 7 6 6 6 6 6 ]
l = [ 8 8 8 8 8 8 8 8 7 7 7 7 7 7 7 6 6 6 6 6 ]
Pmin = [ 83 83 83 83 83 83 79 79 72 72 72 72 72 72 72 68 68 68 68 68 ]
Pmax = [ 83 83 83 83 83 83 79 79 72 72 72 72 72 72 72 68 68 68 68 68 ]
cf = [ 66.328 66.328 66.328 66.328 66.328 66.328 31.3564 31.3564 41.1744 41.1744 41.1744 41.1744 41.1744 41.1744 41.1744 13.6701 13.6701 13.6701 13.6701 13.6701 ]
c0 = [ 230 230 230 230 230 230 207 207 203 203 203 203 203 203 203 192 192 192 192 192 ]
cp = [ 20.4984 20.4984 20.4984 20.4984 20.4984 20.4984 16.3973 16.3973 26.5217 26.5217 26.5217 26.5217 26.5217 26.5217 26.5217 25.6291 25.6291 25.6291 25.6291 25.6291 ]
D = [ 679 231 680 1194 22 1034 926 1172 1471 804 415 1384 1384 1229 43 1454 472 999 325 1045 1271 690 62 519 ]
K = 4
nk = [ 1 1 1 1 1 1 2 2 3 3 3 3 3 3 3 4 4 4 4 4 ]
First = [ 1 0 0 0 0 0 1 0 1 0 0 0 0 0 0 1 0 0 0 0 ]
Last = [ 0 0 0 0 0 1 0 1 0 0 0 0 0 0 1 0 0 0 0 1 ]
nS = 4
S = [ 1 0 0 0 0 0 1 0 1 0 0 0 0 0 0 1 0 0 0 0 ]
