n = 20 ; 
T = 24 ; 
Init = [ 0 0 0 0 0 0 0 0 0 0 0 0 0 0 0 0 0 0 0 0 ]
L = [ 7 7 7 7 7 7 7 7 7 7 5 5 5 5 5 5 5 5 5 5 ]
l = [ 7 7 7 7 7 7 7 7 7 7 5 5 5 5 5 5 5 5 5 5 ]
Pmin = [ 74 74 74 74 74 74 74 74 74 74 56 56 56 56 56 56 56 56 56 52 ]
Pmax = [ 74 74 74 74 74 74 74 74 74 74 56 56 56 56 56 56 56 56 56 52 ]
cf = [ 58.1897 58.1897 58.1897 58.1897 58.1897 58.1897 58.1897 58.1897 58.1897 58.1897 16.8306 16.8306 16.8306 16.8306 16.8306 16.8306 16.8306 16.8306 16.8306 48.537 ]
c0 = [ 192 192 192 192 192 192 192 192 192 192 158 158 158 158 158 158 158 158 158 138 ]
cp = [ 24.0796 24.0796 24.0796 24.0796 24.0796 24.0796 24.0796 24.0796 24.0796 24.0796 29.8047 29.8047 29.8047 29.8047 29.8047 29.8047 29.8047 29.8047 29.8047 21.178 ]
D = [ 580 5 113 848 1036 550 530 1059 667 456 1106 424 658 664 891 486 1112 343 887 474 1244 321 135 340 ]
K = 3
nk = [ 1 1 1 1 1 1 1 1 1 1 2 2 2 2 2 2 2 2 2 3 ]
First = [ 1 0 0 0 0 0 0 0 0 0 1 0 0 0 0 0 0 0 0 1 ]
Last = [ 0 0 0 0 0 0 0 0 0 1 0 0 0 0 0 0 0 0 1 1 ]
nS = 3
S = [ 1 0 0 0 0 0 0 0 0 0 1 0 0 0 0 0 0 0 0 1 ]
