n = 20 ; 
T = 24 ; 
Init = [ 1 1 1 1 0 0 0 0 0 0 0 0 0 0 0 0 0 0 0 0 ]
L = [ 4 4 4 4 3 3 3 3 3 3 3 6 6 6 6 6 6 6 7 7 ]
l = [ 4 4 4 4 3 3 3 3 3 3 3 6 6 6 6 6 6 6 7 7 ]
Pmin = [ 39 39 39 39 20 20 20 20 20 20 20 63 63 63 63 63 63 63 74 74 ]
Pmax = [ 39 39 39 39 20 20 20 20 20 20 20 63 63 63 63 63 63 63 74 74 ]
cf = [ 49.4604 49.4604 49.4604 49.4604 33.7976 33.7976 33.7976 33.7976 33.7976 33.7976 33.7976 61.1627 61.1627 61.1627 61.1627 61.1627 61.1627 61.1627 55.6367 55.6367 ]
c0 = [ 124 124 124 124 69 69 69 69 69 69 69 183 183 183 183 183 183 183 195 195 ]
cp = [ 29.8301 29.8301 29.8301 29.8301 39.2348 39.2348 39.2348 39.2348 39.2348 39.2348 39.2348 31.305 31.305 31.305 31.305 31.305 31.305 31.305 32.2013 32.2013 ]
D = [ 344 250 784 882 532 796 339 680 546 654 526 257 146 401 55 783 799 852 1 139 34 666 239 462 ]
K = 4
nk = [ 1 1 1 1 2 2 2 2 2 2 2 3 3 3 3 3 3 3 4 4 ]
First = [ 1 0 0 0 1 0 0 0 0 0 0 1 0 0 0 0 0 0 1 0 ]
Last = [ 0 0 0 1 0 0 0 0 0 0 1 0 0 0 0 0 0 1 0 1 ]
nS = 4
S = [ 1 0 0 0 1 0 0 0 0 0 0 1 0 0 0 0 0 0 1 0 ]
