n = 20 ; 
T = 24 ; 
Init = [ 0 0 0 0 0 0 0 0 1 1 1 1 1 1 1 1 1 1 1 1 ]
L = [ 8 8 8 8 5 5 5 5 8 8 8 8 8 8 7 7 7 7 7 7 ]
l = [ 8 8 8 8 5 5 5 5 8 8 8 8 8 8 7 7 7 7 7 7 ]
Pmin = [ 81 81 81 81 47 47 47 47 78 78 78 78 78 78 72 72 77 77 77 77 ]
Pmax = [ 81 81 81 81 47 47 47 47 78 78 78 78 78 78 72 72 77 77 77 77 ]
cf = [ 54.955 54.955 54.955 54.955 55.0906 55.0906 55.0906 55.0906 31.4771 31.4771 31.4771 31.4771 31.4771 31.4771 54.2068 54.2068 62.9294 62.9294 62.9294 62.9294 ]
c0 = [ 220 220 220 220 126 126 126 126 200 200 200 200 200 200 205 205 196 196 196 196 ]
cp = [ 16.128 16.128 16.128 16.128 30.5288 30.5288 30.5288 30.5288 13.8663 13.8663 13.8663 13.8663 13.8663 13.8663 23.4758 23.4758 17.1527 17.1527 17.1527 17.1527 ]
D = [ 455 135 1271 1376 893 200 517 95 173 854 1319 1263 515 444 904 354 788 1011 532 6 688 1301 190 502 ]
K = 5
nk = [ 1 1 1 1 2 2 2 2 3 3 3 3 3 3 4 4 5 5 5 5 ]
First = [ 1 0 0 0 1 0 0 0 1 0 0 0 0 0 1 0 1 0 0 0 ]
Last = [ 0 0 0 1 0 0 0 1 0 0 0 0 0 1 0 1 0 0 0 1 ]
nS = 5
S = [ 1 0 0 0 1 0 0 0 1 0 0 0 0 0 1 0 1 0 0 0 ]
