n = 20 ; 
T = 24 ; 
Init = [ 0 0 0 0 0 1 1 1 1 1 1 0 0 0 0 0 0 0 0 0 ]
L = [ 3 3 3 3 3 8 8 8 8 8 8 5 5 5 7 7 7 7 7 7 ]
l = [ 3 3 3 3 3 8 8 8 8 8 8 5 5 5 7 7 7 7 7 7 ]
Pmin = [ 30 30 30 30 30 94 94 94 94 94 94 45 45 45 76 76 76 76 76 76 ]
Pmax = [ 30 30 30 30 30 94 94 94 94 94 94 45 45 45 76 76 76 76 76 76 ]
cf = [ 35.6578 35.6578 35.6578 35.6578 35.6578 56.0598 56.0598 56.0598 56.0598 56.0598 56.0598 57.6317 57.6317 57.6317 29.959 29.959 29.959 29.959 29.959 29.959 ]
c0 = [ 92 92 92 92 92 246 246 246 246 246 246 132 132 132 210 210 210 210 210 210 ]
cp = [ 31.6732 31.6732 31.6732 31.6732 31.6732 11.3468 11.3468 11.3468 11.3468 11.3468 11.3468 23.2851 23.2851 23.2851 18.8723 18.8723 18.8723 18.8723 18.8723 18.8723 ]
D = [ 939 1161 807 1231 191 21 602 662 261 287 998 854 1303 742 25 12 1266 293 1114 200 167 712 1007 692 ]
K = 4
nk = [ 1 1 1 1 1 2 2 2 2 2 2 3 3 3 4 4 4 4 4 4 ]
First = [ 1 0 0 0 0 1 0 0 0 0 0 1 0 0 1 0 0 0 0 0 ]
Last = [ 0 0 0 0 1 0 0 0 0 0 1 0 0 1 0 0 0 0 0 1 ]
nS = 4
S = [ 1 0 0 0 0 1 0 0 0 0 0 1 0 0 1 0 0 0 0 0 ]
