n = 20 ; 
T = 24 ; 
Init = [ 1 1 1 1 1 1 1 0 0 0 0 0 0 0 0 0 0 0 0 0 ]
L = [ 3 3 3 3 3 3 3 3 3 3 3 3 3 3 3 3 3 7 7 7 ]
l = [ 3 3 3 3 3 3 3 3 3 3 3 3 3 3 3 3 3 7 7 7 ]
Pmin = [ 33 33 33 33 33 33 33 35 35 35 35 35 35 35 35 35 35 76 76 76 ]
Pmax = [ 33 33 33 33 33 33 33 35 35 35 35 35 35 35 35 35 35 76 76 76 ]
cf = [ 54.781 54.781 54.781 54.781 54.781 54.781 54.781 39.1518 39.1518 39.1518 39.1518 39.1518 39.1518 39.1518 39.1518 39.1518 39.1518 14.8067 14.8067 14.8067 ]
c0 = [ 93 93 93 93 93 93 93 105 105 105 105 105 105 105 105 105 105 198 198 198 ]
cp = [ 37.7264 37.7264 37.7264 37.7264 37.7264 37.7264 37.7264 29.9867 29.9867 29.9867 29.9867 29.9867 29.9867 29.9867 29.9867 29.9867 29.9867 17.1938 17.1938 17.1938 ]
D = [ 447 721 503 694 499 642 397 460 575 717 4 380 321 104 522 377 422 436 388 555 588 803 781 273 ]
K = 3
nk = [ 1 1 1 1 1 1 1 2 2 2 2 2 2 2 2 2 2 3 3 3 ]
First = [ 1 0 0 0 0 0 0 1 0 0 0 0 0 0 0 0 0 1 0 0 ]
Last = [ 0 0 0 0 0 0 1 0 0 0 0 0 0 0 0 0 1 0 0 1 ]
nS = 3
S = [ 1 0 0 0 0 0 0 1 0 0 0 0 0 0 0 0 0 1 0 0 ]
