n = 20 ; 
T = 24 ; 
Init = [ 0 0 0 0 0 1 0 0 0 1 1 1 1 1 1 1 1 0 0 0 ]
L = [ 6 6 6 6 6 9 7 7 3 5 5 5 5 5 5 5 5 2 2 2 ]
l = [ 6 6 6 6 6 9 7 7 3 5 5 5 5 5 5 5 5 2 2 2 ]
Pmin = [ 60 60 60 60 60 99 75 75 31 52 52 52 52 52 52 52 52 26 26 26 ]
Pmax = [ 60 60 60 60 60 99 75 75 31 52 52 52 52 52 52 52 52 26 26 26 ]
cf = [ 26.9131 26.9131 26.9131 26.9131 26.9131 53.5219 38.854 38.854 17.2998 25.207 25.207 25.207 25.207 25.207 25.207 25.207 25.207 35.9248 35.9248 35.9248 ]
c0 = [ 154 154 154 154 154 250 206 206 103 146 146 146 146 146 146 146 146 85 85 85 ]
cp = [ 21.4131 21.4131 21.4131 21.4131 21.4131 13.6823 18.2736 18.2736 41.8258 30.5346 30.5346 30.5346 30.5346 30.5346 30.5346 30.5346 30.5346 40.2362 40.2362 40.2362 ]
D = [ 966 950 468 897 77 28 395 1041 145 920 665 485 639 134 660 949 627 1043 458 809 756 906 1006 981 ]
K = 6
nk = [ 1 1 1 1 1 2 3 3 4 5 5 5 5 5 5 5 5 6 6 6 ]
First = [ 1 0 0 0 0 1 1 0 1 1 0 0 0 0 0 0 0 1 0 0 ]
Last = [ 0 0 0 0 1 1 0 1 1 0 0 0 0 0 0 0 1 0 0 1 ]
nS = 6
S = [ 1 0 0 0 0 1 1 0 1 1 0 0 0 0 0 0 0 1 0 0 ]
