n = 20 ; 
T = 24 ; 
Init = [ 1 1 1 1 1 1 1 1 0 0 0 0 0 0 0 1 1 1 1 1 ]
L = [ 9 9 9 9 9 9 9 9 3 3 3 3 3 3 3 9 9 9 9 9 ]
l = [ 9 9 9 9 9 9 9 9 3 3 3 3 3 3 3 9 9 9 9 9 ]
Pmin = [ 93 93 93 93 93 93 93 93 33 33 33 33 33 33 33 100 100 100 100 100 ]
Pmax = [ 93 93 93 93 93 93 93 93 33 33 33 33 33 33 33 100 100 100 100 100 ]
cf = [ 28.9776 28.9776 28.9776 28.9776 28.9776 28.9776 28.9776 28.9776 51.1482 51.1482 51.1482 51.1482 51.1482 51.1482 51.1482 13.1889 13.1889 13.1889 13.1889 13.1889 ]
c0 = [ 236 236 236 236 236 236 236 236 99 99 99 99 99 99 99 250 250 250 250 250 ]
cp = [ 13.7232 13.7232 13.7232 13.7232 13.7232 13.7232 13.7232 13.7232 33.8161 33.8161 33.8161 33.8161 33.8161 33.8161 33.8161 14.448 14.448 14.448 14.448 14.448 ]
D = [ 961 730 1177 783 975 547 1024 993 1101 1124 1120 141 682 1265 666 1170 793 311 157 1129 13 885 229 293 ]
K = 3
nk = [ 1 1 1 1 1 1 1 1 2 2 2 2 2 2 2 3 3 3 3 3 ]
First = [ 1 0 0 0 0 0 0 0 1 0 0 0 0 0 0 1 0 0 0 0 ]
Last = [ 0 0 0 0 0 0 0 1 0 0 0 0 0 0 1 0 0 0 0 1 ]
nS = 3
S = [ 1 0 0 0 0 0 0 0 1 0 0 0 0 0 0 1 0 0 0 0 ]
