n = 20 ; 
T = 24 ; 
Init = [ 1 1 1 1 1 1 1 1 1 1 1 1 1 1 0 0 0 0 0 0 ]
L = [ 7 7 7 7 7 7 7 7 7 7 7 7 7 7 5 5 5 5 5 5 ]
l = [ 7 7 7 7 7 7 7 7 7 7 7 7 7 7 5 5 5 5 5 5 ]
Pmin = [ 80 80 80 80 80 80 69 69 69 69 69 69 69 69 51 51 51 51 51 51 ]
Pmax = [ 80 80 80 80 80 80 69 69 69 69 69 69 69 69 51 51 51 51 51 51 ]
cf = [ 55.2839 55.2839 55.2839 55.2839 55.2839 55.2839 59.2725 59.2725 59.2725 59.2725 59.2725 59.2725 59.2725 59.2725 16.3425 16.3425 16.3425 16.3425 16.3425 16.3425 ]
c0 = [ 219 219 219 219 219 219 197 197 197 197 197 197 197 197 144 144 144 144 144 144 ]
cp = [ 28.1195 28.1195 28.1195 28.1195 28.1195 28.1195 23.3679 23.3679 23.3679 23.3679 23.3679 23.3679 23.3679 23.3679 22.0219 22.0219 22.0219 22.0219 22.0219 22.0219 ]
D = [ 785 1232 637 1078 1331 39 105 603 1239 522 420 926 294 619 483 1250 464 1028 1056 1318 566 501 507 10 ]
K = 3
nk = [ 1 1 1 1 1 1 2 2 2 2 2 2 2 2 3 3 3 3 3 3 ]
First = [ 1 0 0 0 0 0 1 0 0 0 0 0 0 0 1 0 0 0 0 0 ]
Last = [ 0 0 0 0 0 1 0 0 0 0 0 0 0 1 0 0 0 0 0 1 ]
nS = 3
S = [ 1 0 0 0 0 0 1 0 0 0 0 0 0 0 1 0 0 0 0 0 ]
