n = 20 ; 
T = 48 ; 
Init = [ 0 0 0 0 0 0 0 0 0 0 0 0 0 0 0 0 0 0 0 0 ]
L = [ 7 7 7 7 7 3 3 3 3 3 3 3 3 3 3 9 9 4 4 4 ]
l = [ 7 7 7 7 7 3 3 3 3 3 3 3 3 3 3 9 9 4 4 4 ]
Pmin = [ 73 73 73 73 73 23 23 23 23 23 23 23 23 23 23 100 100 42 42 44 ]
Pmax = [ 73 73 73 73 73 23 23 23 23 23 23 23 23 23 23 100 100 42 42 44 ]
cf = [ 52.9502 52.9502 52.9502 52.9502 52.9502 47.8455 47.8455 47.8455 47.8455 47.8455 47.8455 47.8455 47.8455 47.8455 47.8455 42.4752 42.4752 34.8305 34.8305 32.2754 ]
c0 = [ 202 202 202 202 202 78 78 78 78 78 78 78 78 78 78 250 250 122 122 130 ]
cp = [ 18.6806 18.6806 18.6806 18.6806 18.6806 30.1514 30.1514 30.1514 30.1514 30.1514 30.1514 30.1514 30.1514 30.1514 30.1514 18.4276 18.4276 35.2525 35.2525 35.024 ]
D = [ 459 602 519 34 765 13 359 843 467 161 482 217 759 79 625 207 108 706 29 830 535 499 460 821 95 530 780 719 559 95 518 95 698 114 129 540 127 488 460 594 649 19 812 485 99 514 692 207 ]
K = 5
nk = [ 1 1 1 1 1 2 2 2 2 2 2 2 2 2 2 3 3 4 4 5 ]
First = [ 1 0 0 0 0 1 0 0 0 0 0 0 0 0 0 1 0 1 0 1 ]
Last = [ 0 0 0 0 1 0 0 0 0 0 0 0 0 0 1 0 1 0 1 1 ]
nS = 5
S = [ 1 0 0 0 0 1 0 0 0 0 0 0 0 0 0 1 0 1 0 1 ]
