n = 20 ; 
T = 48 ; 
Init = [ 1 1 0 0 0 0 0 0 0 0 0 0 0 0 0 1 1 1 1 1 ]
L = [ 7 10 6 6 6 6 6 6 6 6 6 9 9 9 9 3 3 3 3 3 ]
l = [ 7 10 6 6 6 6 6 6 6 6 6 9 9 9 9 3 3 3 3 3 ]
Pmin = [ 72 100 60 60 60 60 60 60 60 60 60 89 89 89 89 34 34 34 34 34 ]
Pmax = [ 72 100 60 60 60 60 60 60 60 60 60 89 89 89 89 34 34 34 34 34 ]
cf = [ 69.9732 26.5918 60.4743 60.4743 60.4743 60.4743 60.4743 60.4743 60.4743 60.4743 60.4743 35.0533 35.0533 35.0533 35.0533 43.9333 43.9333 43.9333 43.9333 43.9333 ]
c0 = [ 204 250 161 161 161 161 161 161 161 161 161 228 228 228 228 108 108 108 108 108 ]
cp = [ 26.1065 8.6329 25.8385 25.8385 25.8385 25.8385 25.8385 25.8385 25.8385 25.8385 25.8385 10.0526 10.0526 10.0526 10.0526 37.8542 37.8542 37.8542 37.8542 37.8542 ]
D = [ 647 493 54 1158 976 1069 316 858 431 866 443 431 13 256 982 739 307 186 259 86 1160 49 1101 65 191 1169 1083 898 1220 491 212 628 984 266 548 722 97 863 342 528 492 785 959 505 1041 703 6 110 ]
K = 5
nk = [ 1 2 3 3 3 3 3 3 3 3 3 4 4 4 4 5 5 5 5 5 ]
First = [ 1 1 1 0 0 0 0 0 0 0 0 1 0 0 0 1 0 0 0 0 ]
Last = [ 1 1 0 0 0 0 0 0 0 0 1 0 0 0 1 0 0 0 0 1 ]
nS = 5
S = [ 1 1 1 0 0 0 0 0 0 0 0 1 0 0 0 1 0 0 0 0 ]
