n = 20 ; 
T = 48 ; 
Init = [ 0 0 0 0 0 0 0 0 0 0 0 0 0 0 0 1 1 1 1 1 ]
L = [ 7 7 7 7 7 7 7 7 2 2 2 2 2 2 2 4 5 5 5 5 ]
l = [ 7 7 7 7 7 7 7 7 2 2 2 2 2 2 2 4 5 5 5 5 ]
Pmin = [ 72 72 72 72 72 72 72 72 24 24 24 24 24 24 24 33 56 56 56 56 ]
Pmax = [ 72 72 72 72 72 72 72 72 24 24 24 24 24 24 24 33 56 56 56 56 ]
cf = [ 40.676 40.676 40.676 40.676 40.676 40.676 40.676 40.676 37.1537 37.1537 37.1537 37.1537 37.1537 37.1537 37.1537 19.6235 22.6523 22.6523 22.6523 22.6523 ]
c0 = [ 194 194 194 194 194 194 194 194 78 78 78 78 78 78 78 105 157 157 157 157 ]
cp = [ 23.592 23.592 23.592 23.592 23.592 23.592 23.592 23.592 38.1449 38.1449 38.1449 38.1449 38.1449 38.1449 38.1449 28.2689 29.6729 29.6729 29.6729 29.6729 ]
D = [ 811 208 954 364 178 566 819 560 5 229 587 540 708 787 788 505 637 76 750 459 844 903 736 35 781 551 484 575 338 761 629 148 969 582 513 146 147 331 706 152 560 292 691 267 78 479 772 715 ]
K = 4
nk = [ 1 1 1 1 1 1 1 1 2 2 2 2 2 2 2 3 4 4 4 4 ]
First = [ 1 0 0 0 0 0 0 0 1 0 0 0 0 0 0 1 1 0 0 0 ]
Last = [ 0 0 0 0 0 0 0 1 0 0 0 0 0 0 1 1 0 0 0 1 ]
nS = 4
S = [ 1 0 0 0 0 0 0 0 1 0 0 0 0 0 0 1 1 0 0 0 ]
