n = 20 ; 
T = 48 ; 
Init = [ 1 0 0 1 1 1 1 1 1 1 1 1 1 0 0 0 0 0 0 0 ]
L = [ 4 10 10 6 6 6 6 7 7 7 7 7 7 3 3 3 3 3 3 3 ]
l = [ 4 10 10 6 6 6 6 7 7 7 7 7 7 3 3 3 3 3 3 3 ]
Pmin = [ 34 100 100 68 68 68 68 72 72 72 72 72 72 39 39 39 39 39 39 39 ]
Pmax = [ 34 100 100 68 68 68 68 72 72 72 72 72 72 39 39 39 39 39 39 39 ]
cf = [ 13.8755 38.3336 38.3336 16.2745 16.2745 16.2745 16.2745 32.8305 32.8305 32.8305 32.8305 32.8305 32.8305 37.2343 37.2343 37.2343 37.2343 37.2343 37.2343 37.2343 ]
c0 = [ 96 250 250 181 181 181 181 194 194 194 194 194 194 116 116 116 116 116 116 116 ]
cp = [ 35.1818 11.3438 11.3438 36.8115 36.8115 36.8115 36.8115 29.7322 29.7322 29.7322 29.7322 29.7322 29.7322 35.8903 35.8903 35.8903 35.8903 35.8903 35.8903 35.8903 ]
D = [ 452 1101 362 81 976 380 774 924 920 40 70 1052 642 248 337 12 608 1017 1202 934 698 1115 281 848 178 196 370 444 883 182 1191 124 73 341 205 1049 721 979 762 430 1019 831 271 450 1079 608 462 476 ]
K = 5
nk = [ 1 2 2 3 3 3 3 4 4 4 4 4 4 5 5 5 5 5 5 5 ]
First = [ 1 1 0 1 0 0 0 1 0 0 0 0 0 1 0 0 0 0 0 0 ]
Last = [ 1 0 1 0 0 0 1 0 0 0 0 0 1 0 0 0 0 0 0 1 ]
nS = 5
S = [ 1 1 0 1 0 0 0 1 0 0 0 0 0 1 0 0 0 0 0 0 ]
