n = 20 ; 
T = 48 ; 
Init = [ 0 0 0 0 0 0 0 1 0 0 0 0 0 0 0 0 0 1 1 0 ]
L = [ 7 7 7 7 7 7 7 5 4 4 4 4 4 3 3 10 10 4 4 4 ]
l = [ 7 7 7 7 7 7 7 5 4 4 4 4 4 3 3 10 10 4 4 4 ]
Pmin = [ 73 73 73 73 73 73 73 58 44 44 44 44 44 22 22 100 100 44 34 45 ]
Pmax = [ 73 73 73 73 73 73 73 58 44 44 44 44 44 22 22 100 100 44 34 45 ]
cf = [ 20.0039 20.0039 20.0039 20.0039 20.0039 20.0039 20.0039 58.7543 54.6562 54.6562 54.6562 54.6562 54.6562 55.1539 55.1539 23.1062 23.1062 30.5985 56.1561 19.8628 ]
c0 = [ 203 203 203 203 203 203 203 165 120 120 120 120 120 79 79 250 250 124 106 119 ]
cp = [ 16.8239 16.8239 16.8239 16.8239 16.8239 16.8239 16.8239 26.4429 36.1704 36.1704 36.1704 36.1704 36.1704 40.2351 40.2351 8.0995 8.0995 40.2737 38.663 39.4112 ]
D = [ 582 506 789 177 893 479 519 1029 720 326 355 959 120 73 686 415 506 432 651 752 973 190 809 1139 1046 560 643 1122 1044 156 2 470 661 791 647 399 114 10 272 834 335 627 636 455 700 167 870 50 ]
K = 8
nk = [ 1 1 1 1 1 1 1 2 3 3 3 3 3 4 4 5 5 6 7 8 ]
First = [ 1 0 0 0 0 0 0 1 1 0 0 0 0 1 0 1 0 1 1 1 ]
Last = [ 0 0 0 0 0 0 1 1 0 0 0 0 1 0 1 0 1 1 1 1 ]
nS = 8
S = [ 1 0 0 0 0 0 0 1 1 0 0 0 0 1 0 1 0 1 1 1 ]
