n = 20 ; 
T = 48 ; 
Init = [ 1 1 1 1 1 1 1 1 0 0 0 0 0 0 0 0 0 0 0 0 ]
L = [ 6 6 6 6 6 6 6 6 8 8 8 8 8 9 9 9 9 10 10 10 ]
l = [ 6 6 6 6 6 6 6 6 8 8 8 8 8 9 9 9 9 10 10 10 ]
Pmin = [ 55 55 55 55 55 55 55 55 81 81 81 81 81 100 100 100 100 100 100 100 ]
Pmax = [ 55 55 55 55 55 55 55 55 81 81 81 81 81 100 100 100 100 100 100 100 ]
cf = [ 56.0252 56.0252 56.0252 56.0252 56.0252 56.0252 56.0252 56.0252 23.7791 23.7791 23.7791 23.7791 23.7791 46.0052 46.0052 46.0052 46.0052 69.5108 69.5108 69.5108 ]
c0 = [ 154 154 154 154 154 154 154 154 211 211 211 211 211 250 250 250 250 250 250 250 ]
cp = [ 19.4377 19.4377 19.4377 19.4377 19.4377 19.4377 19.4377 19.4377 13.8892 13.8892 13.8892 13.8892 13.8892 18.3551 18.3551 18.3551 18.3551 11.0368 11.0368 11.0368 ]
D = [ 1214 249 801 733 421 839 565 536 451 549 1008 108 960 419 96 83 674 600 897 274 1202 446 623 679 275 272 1134 1012 1170 1154 805 839 1403 61 27 278 900 591 815 1351 1140 278 1459 555 697 11 639 1371 ]
K = 4
nk = [ 1 1 1 1 1 1 1 1 2 2 2 2 2 3 3 3 3 4 4 4 ]
First = [ 1 0 0 0 0 0 0 0 1 0 0 0 0 1 0 0 0 1 0 0 ]
Last = [ 0 0 0 0 0 0 0 1 0 0 0 0 1 0 0 0 1 0 0 1 ]
nS = 4
S = [ 1 0 0 0 0 0 0 0 1 0 0 0 0 1 0 0 0 1 0 0 ]
