n = 20 ; 
T = 48 ; 
Init = [ 0 0 0 0 0 0 0 0 1 1 1 1 1 1 1 0 0 0 0 0 ]
L = [ 5 5 5 5 5 5 5 5 4 4 4 4 4 4 4 5 5 5 8 8 ]
l = [ 5 5 5 5 5 5 5 5 4 4 4 4 4 4 4 5 5 5 8 8 ]
Pmin = [ 48 48 48 48 48 48 48 48 44 44 44 44 44 44 44 50 50 50 91 91 ]
Pmax = [ 48 48 48 48 48 48 48 48 44 44 44 44 44 44 44 50 50 50 91 91 ]
cf = [ 64.4484 64.4484 64.4484 64.4484 64.4484 64.4484 64.4484 64.4484 29.3938 29.3938 29.3938 29.3938 29.3938 29.3938 29.3938 66.1613 66.1613 66.1613 63.9037 63.9037 ]
c0 = [ 135 135 135 135 135 135 135 135 130 130 130 130 130 130 130 129 129 129 250 250 ]
cp = [ 29.7414 29.7414 29.7414 29.7414 29.7414 29.7414 29.7414 29.7414 32.037 32.037 32.037 32.037 32.037 32.037 32.037 31.439 31.439 31.439 20.9303 20.9303 ]
D = [ 576 187 150 282 242 883 15 471 604 12 5 513 376 967 414 738 300 780 25 244 136 108 632 177 196 995 317 736 405 935 41 981 97 190 238 339 50 253 810 653 265 816 143 641 759 557 355 35 ]
K = 4
nk = [ 1 1 1 1 1 1 1 1 2 2 2 2 2 2 2 3 3 3 4 4 ]
First = [ 1 0 0 0 0 0 0 0 1 0 0 0 0 0 0 1 0 0 1 0 ]
Last = [ 0 0 0 0 0 0 0 1 0 0 0 0 0 0 1 0 0 1 0 1 ]
nS = 4
S = [ 1 0 0 0 0 0 0 0 1 0 0 0 0 0 0 1 0 0 1 0 ]
