n = 20 ; 
T = 48 ; 
Init = [ 1 1 1 1 1 1 1 1 1 1 0 0 0 0 0 0 0 0 0 0 ]
L = [ 7 7 7 7 7 7 7 7 7 7 5 5 5 5 5 5 5 5 5 5 ]
l = [ 7 7 7 7 7 7 7 7 7 7 5 5 5 5 5 5 5 5 5 5 ]
Pmin = [ 75 75 75 75 75 75 75 75 75 75 51 51 51 51 51 51 51 51 61 61 ]
Pmax = [ 75 75 75 75 75 75 75 75 75 75 51 51 51 51 51 51 51 51 61 61 ]
cf = [ 65.7769 65.7769 65.7769 65.7769 65.7769 65.7769 65.7769 65.7769 65.7769 65.7769 32.3343 32.3343 32.3343 32.3343 32.3343 32.3343 32.3343 32.3343 58.9128 58.9128 ]
c0 = [ 209 209 209 209 209 209 209 209 209 209 134 134 134 134 134 134 134 134 157 157 ]
cp = [ 19.6618 19.6618 19.6618 19.6618 19.6618 19.6618 19.6618 19.6618 19.6618 19.6618 30.2662 30.2662 30.2662 30.2662 30.2662 30.2662 30.2662 30.2662 26.8537 26.8537 ]
D = [ 142 261 484 53 681 799 341 273 592 1035 1271 506 270 1045 773 443 750 1177 245 871 923 685 879 678 1124 960 760 138 613 258 357 754 519 842 808 1200 361 1148 193 953 903 184 179 1173 1229 952 336 700 ]
K = 3
nk = [ 1 1 1 1 1 1 1 1 1 1 2 2 2 2 2 2 2 2 3 3 ]
First = [ 1 0 0 0 0 0 0 0 0 0 1 0 0 0 0 0 0 0 1 0 ]
Last = [ 0 0 0 0 0 0 0 0 0 1 0 0 0 0 0 0 0 1 0 1 ]
nS = 3
S = [ 1 0 0 0 0 0 0 0 0 0 1 0 0 0 0 0 0 0 1 0 ]
