n = 20 ; 
T = 48 ; 
Init = [ 1 0 0 0 0 1 1 1 1 1 1 1 1 1 1 1 1 1 1 1 ]
L = [ 4 10 10 10 10 6 6 6 6 6 6 6 6 6 6 6 6 8 8 8 ]
l = [ 4 10 10 10 10 6 6 6 6 6 6 6 6 6 6 6 6 8 8 8 ]
Pmin = [ 46 100 100 100 100 65 65 65 66 66 66 66 66 66 66 66 66 88 88 88 ]
Pmax = [ 46 100 100 100 100 65 65 65 66 66 66 66 66 66 66 66 66 88 88 88 ]
cf = [ 33.7265 40.8277 40.8277 40.8277 40.8277 25.5175 25.5175 25.5175 47.9111 47.9111 47.9111 47.9111 47.9111 47.9111 47.9111 47.9111 47.9111 59.6218 59.6218 59.6218 ]
c0 = [ 138 250 250 250 250 178 178 178 189 189 189 189 189 189 189 189 189 226 226 226 ]
cp = [ 26.5153 10.9565 10.9565 10.9565 10.9565 28.3007 28.3007 28.3007 33.6737 33.6737 33.6737 33.6737 33.6737 33.6737 33.6737 33.6737 33.6737 16.3553 16.3553 16.3553 ]
D = [ 913 1446 1033 425 368 360 559 932 588 1161 1160 1224 466 102 698 220 893 55 862 187 987 716 694 1288 1348 1145 486 348 106 889 543 1020 837 77 1445 1205 437 505 638 1025 166 299 750 633 401 1449 852 1294 ]
K = 5
nk = [ 1 2 2 2 2 3 3 3 4 4 4 4 4 4 4 4 4 5 5 5 ]
First = [ 1 1 0 0 0 1 0 0 1 0 0 0 0 0 0 0 0 1 0 0 ]
Last = [ 1 0 0 0 1 0 0 1 0 0 0 0 0 0 0 0 1 0 0 1 ]
nS = 5
S = [ 1 1 0 0 0 1 0 0 1 0 0 0 0 0 0 0 0 1 0 0 ]
