n = 20 ; 
T = 48 ; 
Init = [ 0 0 0 0 0 0 0 0 0 1 1 1 1 1 1 1 1 1 1 1 ]
L = [ 4 4 4 4 4 4 4 4 4 5 5 5 5 5 5 5 5 5 10 9 ]
l = [ 4 4 4 4 4 4 4 4 4 5 5 5 5 5 5 5 5 5 10 9 ]
Pmin = [ 39 39 39 39 39 39 39 39 39 50 50 50 50 50 50 50 50 50 100 100 ]
Pmax = [ 39 39 39 39 39 39 39 39 39 50 50 50 50 50 50 50 50 50 100 100 ]
cf = [ 67.2061 67.2061 67.2061 67.2061 67.2061 67.2061 67.2061 67.2061 67.2061 43.7847 43.7847 43.7847 43.7847 43.7847 43.7847 43.7847 43.7847 43.7847 40.8288 62.1141 ]
c0 = [ 122 122 122 122 122 122 122 122 122 137 137 137 137 137 137 137 137 137 250 250 ]
cp = [ 23.6579 23.6579 23.6579 23.6579 23.6579 23.6579 23.6579 23.6579 23.6579 30.528 30.528 30.528 30.528 30.528 30.528 30.528 30.528 30.528 10.344 11.8651 ]
D = [ 358 817 353 549 577 576 813 447 940 997 528 896 580 65 770 163 44 849 335 783 366 453 385 167 938 174 504 272 379 569 114 737 385 467 285 962 42 97 408 982 93 937 877 673 0 646 836 44 ]
K = 4
nk = [ 1 1 1 1 1 1 1 1 1 2 2 2 2 2 2 2 2 2 3 4 ]
First = [ 1 0 0 0 0 0 0 0 0 1 0 0 0 0 0 0 0 0 1 1 ]
Last = [ 0 0 0 0 0 0 0 0 1 0 0 0 0 0 0 0 0 1 1 1 ]
nS = 4
S = [ 1 0 0 0 0 0 0 0 0 1 0 0 0 0 0 0 0 0 1 1 ]
