n = 20 ; 
T = 48 ; 
Init = [ 1 1 1 1 1 1 1 1 1 1 1 1 1 1 1 1 0 0 0 0 ]
L = [ 8 8 8 8 8 8 8 8 8 7 7 7 7 7 7 7 6 6 6 6 ]
l = [ 8 8 8 8 8 8 8 8 8 7 7 7 7 7 7 7 6 6 6 6 ]
Pmin = [ 91 91 91 91 91 91 91 91 91 73 73 73 73 73 73 73 61 61 61 61 ]
Pmax = [ 91 91 91 91 91 91 91 91 91 73 73 73 73 73 73 73 61 61 61 61 ]
cf = [ 22.7497 22.7497 22.7497 22.7497 22.7497 22.7497 22.7497 22.7497 22.7497 57.3761 57.3761 57.3761 57.3761 57.3761 57.3761 57.3761 49.9763 49.9763 49.9763 49.9763 ]
c0 = [ 245 245 245 245 245 245 245 245 245 207 207 207 207 207 207 207 179 179 179 179 ]
cp = [ 14.7393 14.7393 14.7393 14.7393 14.7393 14.7393 14.7393 14.7393 14.7393 13.6698 13.6698 13.6698 13.6698 13.6698 13.6698 13.6698 21.9976 21.9976 21.9976 21.9976 ]
D = [ 1091 450 873 503 883 1148 83 265 1288 1117 538 108 801 38 1359 1474 125 498 338 1043 818 1016 1527 1092 86 218 261 487 193 511 362 1284 960 1235 213 270 808 296 535 523 1413 1073 630 640 1110 415 540 1235 ]
K = 3
nk = [ 1 1 1 1 1 1 1 1 1 2 2 2 2 2 2 2 3 3 3 3 ]
First = [ 1 0 0 0 0 0 0 0 0 1 0 0 0 0 0 0 1 0 0 0 ]
Last = [ 0 0 0 0 0 0 0 0 1 0 0 0 0 0 0 1 0 0 0 1 ]
nS = 3
S = [ 1 0 0 0 0 0 0 0 0 1 0 0 0 0 0 0 1 0 0 0 ]
