n = 20 ; 
T = 48 ; 
Init = [ 1 1 1 1 1 1 0 0 0 0 0 0 0 0 0 0 0 0 0 0 ]
L = [ 6 6 6 6 6 6 4 4 4 4 4 4 7 4 4 4 4 4 4 4 ]
l = [ 6 6 6 6 6 6 4 4 4 4 4 4 7 4 4 4 4 4 4 4 ]
Pmin = [ 69 69 69 69 69 69 37 37 37 37 37 37 70 39 39 39 39 39 39 39 ]
Pmax = [ 69 69 69 69 69 69 37 37 37 37 37 37 70 39 39 39 39 39 39 39 ]
cf = [ 41.7912 41.7912 41.7912 41.7912 41.7912 41.7912 44.7958 44.7958 44.7958 44.7958 44.7958 44.7958 62.4624 59.9993 59.9993 59.9993 59.9993 59.9993 59.9993 59.9993 ]
c0 = [ 195 195 195 195 195 195 103 103 103 103 103 103 188 117 117 117 117 117 117 117 ]
cp = [ 22.9848 22.9848 22.9848 22.9848 22.9848 22.9848 38.1108 38.1108 38.1108 38.1108 38.1108 38.1108 25.6409 23.2004 23.2004 23.2004 23.2004 23.2004 23.2004 23.2004 ]
D = [ 369 570 264 795 272 24 242 318 516 291 15 78 878 877 901 477 325 410 91 1 141 401 573 951 128 674 157 133 930 129 471 320 698 735 135 970 759 377 309 296 668 325 374 567 223 297 66 548 ]
K = 4
nk = [ 1 1 1 1 1 1 2 2 2 2 2 2 3 4 4 4 4 4 4 4 ]
First = [ 1 0 0 0 0 0 1 0 0 0 0 0 1 1 0 0 0 0 0 0 ]
Last = [ 0 0 0 0 0 1 0 0 0 0 0 1 1 0 0 0 0 0 0 1 ]
nS = 4
S = [ 1 0 0 0 0 0 1 0 0 0 0 0 1 1 0 0 0 0 0 0 ]
