n = 20 ; 
T = 48 ; 
Init = [ 0 0 1 1 1 1 1 1 1 1 1 1 1 1 1 1 1 1 1 1 ]
L = [ 7 7 7 7 7 7 7 7 7 7 7 7 2 2 2 2 2 2 2 2 ]
l = [ 7 7 7 7 7 7 7 7 7 7 7 7 2 2 2 2 2 2 2 2 ]
Pmin = [ 76 76 75 75 75 75 75 75 75 75 75 75 17 17 17 17 17 17 17 17 ]
Pmax = [ 76 76 75 75 75 75 75 75 75 75 75 75 17 17 17 17 17 17 17 17 ]
cf = [ 27.0348 27.0348 35.1701 35.1701 35.1701 35.1701 35.1701 35.1701 35.1701 35.1701 35.1701 35.1701 31.4004 31.4004 31.4004 31.4004 31.4004 31.4004 31.4004 31.4004 ]
c0 = [ 208 208 194 194 194 194 194 194 194 194 194 194 67 67 67 67 67 67 67 67 ]
cp = [ 18.0465 18.0465 25.256 25.256 25.256 25.256 25.256 25.256 25.256 25.256 25.256 25.256 40.8355 40.8355 40.8355 40.8355 40.8355 40.8355 40.8355 40.8355 ]
D = [ 739 302 796 826 752 700 123 422 278 397 318 608 861 720 203 833 341 594 847 1006 180 1030 375 938 874 633 478 975 941 477 665 642 780 423 429 493 85 553 915 363 950 195 971 773 915 135 567 218 ]
K = 3
nk = [ 1 1 2 2 2 2 2 2 2 2 2 2 3 3 3 3 3 3 3 3 ]
First = [ 1 0 1 0 0 0 0 0 0 0 0 0 1 0 0 0 0 0 0 0 ]
Last = [ 0 1 0 0 0 0 0 0 0 0 0 1 0 0 0 0 0 0 0 1 ]
nS = 3
S = [ 1 0 1 0 0 0 0 0 0 0 0 0 1 0 0 0 0 0 0 0 ]
