n = 20 ; 
T = 48 ; 
Init = [ 1 0 0 0 0 0 0 0 0 0 0 0 0 0 0 0 0 0 0 0 ]
L = [ 8 7 7 7 7 5 5 5 5 5 6 6 6 6 6 6 6 6 6 6 ]
l = [ 8 7 7 7 7 5 5 5 5 5 6 6 6 6 6 6 6 6 6 6 ]
Pmin = [ 89 79 79 79 79 51 51 51 51 51 55 55 55 55 55 55 55 55 55 55 ]
Pmax = [ 89 79 79 79 79 51 51 51 51 51 55 55 55 55 55 55 55 55 55 55 ]
cf = [ 24.3906 14.3349 14.3349 14.3349 14.3349 28.7297 28.7297 28.7297 28.7297 28.7297 52.742 52.742 52.742 52.742 52.742 52.742 52.742 52.742 52.742 52.742 ]
c0 = [ 235 221 221 221 221 142 142 142 142 142 162 162 162 162 162 162 162 162 162 162 ]
cp = [ 12.658 22.2974 22.2974 22.2974 22.2974 27.2395 27.2395 27.2395 27.2395 27.2395 26.4562 26.4562 26.4562 26.4562 26.4562 26.4562 26.4562 26.4562 26.4562 26.4562 ]
D = [ 1175 879 192 1166 795 1170 110 720 889 213 121 13 354 539 892 71 1108 172 439 705 637 851 905 1101 543 936 1125 1124 410 1167 554 376 836 746 331 421 707 441 1142 386 655 53 399 1008 592 81 1079 489 ]
K = 4
nk = [ 1 2 2 2 2 3 3 3 3 3 4 4 4 4 4 4 4 4 4 4 ]
First = [ 1 1 0 0 0 1 0 0 0 0 1 0 0 0 0 0 0 0 0 0 ]
Last = [ 1 0 0 0 1 0 0 0 0 1 0 0 0 0 0 0 0 0 0 1 ]
nS = 4
S = [ 1 1 0 0 0 1 0 0 0 0 1 0 0 0 0 0 0 0 0 0 ]
