n = 20 ; 
T = 48 ; 
Init = [ 0 0 0 0 0 1 1 1 1 1 1 1 1 1 1 0 0 0 0 0 ]
L = [ 8 8 8 8 8 5 5 3 3 3 3 3 3 3 3 4 4 4 4 4 ]
l = [ 8 8 8 8 8 5 5 3 3 3 3 3 3 3 3 4 4 4 4 4 ]
Pmin = [ 78 78 78 78 78 49 49 37 37 37 37 37 37 37 37 36 36 36 36 36 ]
Pmax = [ 78 78 78 78 78 49 49 37 37 37 37 37 37 37 37 36 36 36 36 36 ]
cf = [ 17.8741 17.8741 17.8741 17.8741 17.8741 66.1039 66.1039 32.4618 32.4618 32.4618 32.4618 32.4618 32.4618 32.4618 32.4618 37.8198 37.8198 37.8198 37.8198 37.8198 ]
c0 = [ 202 202 202 202 202 144 144 113 113 113 113 113 113 113 113 105 105 105 105 105 ]
cp = [ 17.7891 17.7891 17.7891 17.7891 17.7891 30.3741 30.3741 36.8292 36.8292 36.8292 36.8292 36.8292 36.8292 36.8292 36.8292 31.1728 31.1728 31.1728 31.1728 31.1728 ]
D = [ 317 705 840 441 929 840 845 205 899 489 408 102 430 798 573 394 575 409 47 112 295 275 787 867 168 802 800 840 591 202 78 908 908 919 385 872 794 267 113 730 756 521 832 221 355 441 616 930 ]
K = 4
nk = [ 1 1 1 1 1 2 2 3 3 3 3 3 3 3 3 4 4 4 4 4 ]
First = [ 1 0 0 0 0 1 0 1 0 0 0 0 0 0 0 1 0 0 0 0 ]
Last = [ 0 0 0 0 1 0 1 0 0 0 0 0 0 0 1 0 0 0 0 1 ]
nS = 4
S = [ 1 0 0 0 0 1 0 1 0 0 0 0 0 0 0 1 0 0 0 0 ]
