n = 20 ; 
T = 48 ; 
Init = [ 0 0 0 0 0 0 0 0 0 0 0 0 0 0 0 0 0 1 1 1 ]
L = [ 8 8 8 8 8 5 5 5 5 5 5 5 9 9 3 3 3 9 7 7 ]
l = [ 8 8 8 8 8 5 5 5 5 5 5 5 9 9 3 3 3 9 7 7 ]
Pmin = [ 84 84 84 84 84 45 45 45 45 45 45 45 95 95 21 21 21 86 85 85 ]
Pmax = [ 84 84 84 84 84 45 45 45 45 45 45 45 95 95 21 21 21 86 85 85 ]
cf = [ 46.6822 46.6822 46.6822 46.6822 46.6822 35.6058 35.6058 35.6058 35.6058 35.6058 35.6058 35.6058 31.091 31.091 69.6859 69.6859 69.6859 7.67381 10.1767 10.1767 ]
c0 = [ 213 213 213 213 213 133 133 133 133 133 133 133 250 250 72 72 72 217 226 226 ]
cp = [ 13.6525 13.6525 13.6525 13.6525 13.6525 29.7609 29.7609 29.7609 29.7609 29.7609 29.7609 29.7609 10.6163 10.6163 37.8674 37.8674 37.8674 14.0772 21.4329 21.4329 ]
D = [ 9 972 216 52 156 940 116 549 88 373 299 872 938 774 865 951 837 480 138 862 1216 528 938 324 520 397 704 1167 880 443 218 888 171 434 940 326 131 1056 875 219 185 1174 1090 1123 704 712 830 297 ]
K = 6
nk = [ 1 1 1 1 1 2 2 2 2 2 2 2 3 3 4 4 4 5 6 6 ]
First = [ 1 0 0 0 0 1 0 0 0 0 0 0 1 0 1 0 0 1 1 0 ]
Last = [ 0 0 0 0 1 0 0 0 0 0 0 1 0 1 0 0 1 1 0 1 ]
nS = 6
S = [ 1 0 0 0 0 1 0 0 0 0 0 0 1 0 1 0 0 1 1 0 ]
