n = 10 ; 
T = 24 ; 
Init = [ 0 1 1 1 1 0 0 0 0 0 ]
L = [ 8 8 4 2 6 6 4 3 2 3 ]
l = [ 8 8 4 2 6 6 4 3 2 3 ]
Pmin = [ 89 89 48 22 62 66 47 22 16 38 ]
Pmax = [ 89 89 48 22 62 66 47 22 16 38 ]
cf = [ 61.1958 33.4076 16.2364 26.8627 18.6626 29.4451 12.1495 35.2672 42.8369 37.9206 ]
c0 = [ 226 225 128 75 172 180 143 78 67 115 ]
cp = [ 22.9697 14.4931 25.862 41.0367 20.6832 21.3849 24.9043 36.732 38.7952 36.4495 ]
D = [ 160 133 176 132 346 316 362 343 161 497 211 199 38 291 483 344 32 442 168 446 263 99 156 336 ]
K = 11
nk = [ 0 1 2 3 4 5 6 7 8 9 ]
First = [ 0 0 0 0 0 0 0 0 0 0 ]
Last = [ 0 0 0 0 0 0 0 0 0 0 ]
nS = 2
S = [ 1 0 0 0 0 0 1 0 0 0 ]
