n = 10 ; 
T = 24 ; 
Init = [ 0 0 0 0 1 0 1 1 1 1 ]
L = [ 5 5 2 5 8 9 9 8 9 7 ]
l = [ 5 5 2 5 8 9 9 8 9 7 ]
Pmin = [ 50 50 20 50 83 90 98 88 100 80 ]
Pmax = [ 50 50 20 50 83 90 98 88 100 80 ]
cf = [ 23.8786 43.9144 58.218 12.0121 64.8812 69.1007 20.2522 33.8641 26.1439 21.709 ]
c0 = [ 143 141 74 144 225 231 250 231 250 214 ]
cp = [ 29.0841 31.3364 39.6872 25.946 14.1343 13.9566 12.9692 21.9816 12.8389 22.3405 ]
D = [ 191 219 267 295 343 373 420 436 473 515 565 588 614 568 528 470 418 360 427 502 558 460 374 268 ]
K = 11
nk = [ 0 1 2 3 4 5 6 7 8 9 ]
First = [ 0 0 0 0 0 0 0 0 0 0 ]
Last = [ 0 0 0 0 0 0 0 0 0 0 ]
nS = 3
S = [ 1 1 0 0 0 0 1 0 0 0 ]
