n = 10 ; 
T = 24 ; 
Init = [ 1 0 1 0 0 0 0 0 0 1 ]
L = [ 6 2 7 5 7 6 7 8 7 9 ]
l = [ 6 2 7 5 7 6 7 8 7 9 ]
Pmin = [ 63 24 73 48 81 67 71 85 66 98 ]
Pmax = [ 63 24 73 48 81 67 71 85 66 98 ]
cf = [ 58.2995 42.8524 25.0227 58.6388 57.4136 68.8477 11.543 60.9626 34.5349 15.8798 ]
c0 = [ 165 69 206 146 211 172 191 232 188 250 ]
cp = [ 16.7601 41.1839 29.3171 32.4088 24.8532 15.2017 20.8358 10.2036 24.6082 12.5791 ]
D = [ 31 519 339 492 423 624 387 256 46 392 509 159 433 506 98 668 570 418 528 517 676 402 226 193 ]
K = 11
nk = [ 0 1 2 3 4 5 6 7 8 9 ]
First = [ 0 0 0 0 0 0 0 0 0 0 ]
Last = [ 0 0 0 0 0 0 0 0 0 0 ]
nS = 3
S = [ 1 0 0 0 0 1 0 0 1 0 ]
