n = 10 ; 
T = 24 ; 
Init = [ 1 1 0 1 0 0 0 1 0 1 ]
L = [ 3 8 6 3 8 2 8 3 4 7 ]
l = [ 3 8 6 3 8 2 8 3 4 7 ]
Pmin = [ 32 86 63 25 87 21 88 21 35 81 ]
Pmax = [ 32 86 63 25 87 21 88 21 35 81 ]
cf = [ 39.9354 34.3086 50.261 20.2645 55.9916 46.5509 14.643 51.1927 14.0707 33.3497 ]
c0 = [ 95 239 164 92 221 77 235 69 107 218 ]
cp = [ 39.5004 12.3326 29.5811 34.5967 18.0834 37.7093 23.1659 36.7014 37.8423 20.0567 ]
D = [ 119 147 189 213 248 269 309 336 359 397 425 441 476 429 398 361 314 260 307 350 387 307 236 183 ]
K = 11
nk = [ 0 1 2 3 4 5 6 7 8 9 ]
First = [ 0 0 0 0 0 0 0 0 0 0 ]
Last = [ 0 0 0 0 0 0 0 0 0 0 ]
nS = 4
S = [ 1 0 1 1 0 0 0 0 0 1 ]
