n = 10 ; 
T = 24 ; 
Init = [ 1 0 1 0 0 0 0 0 1 1 ]
L = [ 3 10 2 5 3 9 9 7 6 8 ]
l = [ 3 10 2 5 3 9 9 7 6 8 ]
Pmin = [ 28 100 18 45 20 95 100 69 58 95 ]
Pmax = [ 28 100 18 45 20 95 100 69 58 95 ]
cf = [ 14.264 13.9304 8.32155 69.2607 23.0005 20.6157 59.9022 27.1505 12.29 67.3915 ]
c0 = [ 89 250 64 127 68 250 250 181 158 250 ]
cp = [ 34.6609 13.3033 40.3267 26.4131 29.5698 10.5547 11.3048 29.0906 23.3368 20.2512 ]
D = [ 490 57 255 593 280 515 203 194 567 44 121 247 48 412 506 281 381 104 396 597 30 468 38 44 ]
K = 11
nk = [ 0 1 2 3 4 5 6 7 8 9 ]
First = [ 0 0 0 0 0 0 0 0 0 0 ]
Last = [ 0 0 0 0 0 0 0 0 0 0 ]
nS = 3
S = [ 1 0 0 0 0 1 0 0 1 0 ]
