n = 10 ; 
T = 24 ; 
Init = [ 0 0 1 0 1 0 0 1 1 1 ]
L = [ 10 3 5 4 4 4 7 5 4 7 ]
l = [ 10 3 5 4 4 4 7 5 4 7 ]
Pmin = [ 100 33 57 42 46 31 69 48 42 66 ]
Pmax = [ 100 33 57 42 46 31 69 48 42 66 ]
cf = [ 63.1347 39.3368 22.6468 29.889 35.7759 18.0784 55.0372 62.0123 40.167 37.2851 ]
c0 = [ 250 91 166 129 127 107 196 143 123 174 ]
cp = [ 8.06714 40.9796 34.3219 35.6366 34.2847 34.5718 25.7425 38.1011 26.882 29.106 ]
D = [ 144 509 134 68 283 49 198 21 305 235 99 139 257 23 47 389 530 522 285 291 156 227 31 288 ]
K = 11
nk = [ 0 1 2 3 4 5 6 7 8 9 ]
First = [ 0 0 0 0 0 0 0 0 0 0 ]
Last = [ 0 0 0 0 0 0 0 0 0 0 ]
nS = 6
S = [ 1 1 0 1 0 1 1 0 0 1 ]
