n = 10 ; 
T = 24 ; 
Init = [ 0 0 1 0 1 0 1 1 0 0 ]
L = [ 8 6 9 7 5 3 9 6 10 8 ]
l = [ 8 6 9 7 5 3 9 6 10 8 ]
Pmin = [ 87 59 100 82 49 30 91 73 100 91 ]
Pmax = [ 87 59 100 82 49 30 91 73 100 91 ]
cf = [ 49.997 67.7575 49.6354 48.2676 62.2039 10.1678 43.7438 67.374 40.936 36.3143 ]
c0 = [ 235 164 250 219 136 101 248 188 250 230 ]
cp = [ 13.6622 27.9911 16.1129 27.5505 30.783 40.0138 14.8614 19.0939 9.29438 10.2359 ]
D = [ 186 230 254 297 333 350 400 431 477 529 555 584 637 590 533 504 443 395 454 489 544 477 396 300 ]
K = 11
nk = [ 0 1 2 3 4 5 6 7 8 9 ]
First = [ 0 0 0 0 0 0 0 0 0 0 ]
Last = [ 0 0 0 0 0 0 0 0 0 0 ]
nS = 4
S = [ 1 0 0 0 1 0 1 0 1 0 ]
