n = 10 ; 
T = 24 ; 
Init = [ 0 0 1 1 1 1 1 0 1 0 ]
L = [ 3 8 4 6 8 9 5 9 5 10 ]
l = [ 3 8 4 6 8 9 5 9 5 10 ]
Pmin = [ 32 80 42 65 76 100 46 98 62 100 ]
Pmax = [ 32 80 42 65 76 100 46 98 62 100 ]
cf = [ 26.5611 25.2192 20.1963 38.7532 54.3947 37.8101 7.19151 29.3843 69.5186 55.4186 ]
c0 = [ 91 213 112 184 209 250 122 250 174 250 ]
cp = [ 33.2636 20.5399 37.6714 28.3174 20.0282 13.4523 32.3404 15.1731 21.4735 13.0511 ]
D = [ 167 190 223 279 299 334 368 427 449 505 532 570 620 563 497 452 418 351 423 488 548 455 377 289 ]
K = 11
nk = [ 0 1 2 3 4 5 6 7 8 9 ]
First = [ 0 0 0 0 0 0 0 0 0 0 ]
Last = [ 0 0 0 0 0 0 0 0 0 0 ]
nS = 4
S = [ 1 1 1 0 0 0 0 0 1 0 ]
