n = 10 ; 
T = 24 ; 
Init = [ 0 0 0 1 0 1 1 0 1 0 ]
L = [ 8 6 3 10 3 8 6 4 5 6 ]
l = [ 8 6 3 10 3 8 6 4 5 6 ]
Pmin = [ 88 62 35 100 30 85 66 42 58 62 ]
Pmax = [ 88 62 35 100 30 85 66 42 58 62 ]
cf = [ 30.7914 23.5447 56.7016 18.5975 37.1825 29.2894 54.7793 16.8205 68.5942 44.7561 ]
c0 = [ 242 177 113 250 103 224 184 123 151 168 ]
cp = [ 18.9008 24.5877 39.9141 8.30748 37.2248 20.7099 30.3561 29.2419 23.7222 28.4844 ]
D = [ 15 535 209 620 444 320 81 450 133 472 493 83 324 422 135 257 41 586 579 43 202 188 208 70 ]
K = 11
nk = [ 0 1 2 3 4 5 6 7 8 9 ]
First = [ 0 0 0 0 0 0 0 0 0 0 ]
Last = [ 0 0 0 0 0 0 0 0 0 0 ]
nS = 4
S = [ 1 0 0 0 0 0 1 1 0 1 ]
