n = 10 ; 
T = 24 ; 
Init = [ 0 0 0 0 1 0 1 0 1 1 ]
L = [ 9 3 7 8 3 7 9 8 7 8 ]
l = [ 9 3 7 8 3 7 9 8 7 8 ]
Pmin = [ 99 35 68 95 28 76 95 83 77 90 ]
Pmax = [ 99 35 68 95 28 76 95 83 77 90 ]
cf = [ 13.4622 20.8821 12.8886 14.7662 20.7678 68.0818 41.1262 32.5734 57.4883 8.09623 ]
c0 = [ 250 105 180 250 80 211 250 227 213 231 ]
cp = [ 10.9921 33.897 19.0215 15.2208 39.1989 23.5927 10.2914 20.8789 25.1885 16.812 ]
D = [ 151 208 239 274 319 337 401 416 460 506 531 567 604 554 503 466 414 365 446 514 589 496 415 319 ]
K = 11
nk = [ 0 1 2 3 4 5 6 7 8 9 ]
First = [ 0 0 0 0 0 0 0 0 0 0 ]
Last = [ 0 0 0 0 0 0 0 0 0 0 ]
nS = 5
S = [ 1 1 0 0 1 1 0 1 0 0 ]
