n = 10 ; 
T = 24 ; 
Init = [ 0 0 0 0 0 0 0 0 1 0 ]
L = [ 4 8 8 4 3 5 10 6 4 6 ]
l = [ 4 8 8 4 3 5 10 6 4 6 ]
Pmin = [ 42 88 79 36 33 57 100 53 44 63 ]
Pmax = [ 42 88 79 36 33 57 100 53 44 63 ]
cf = [ 22.9161 36.4608 55.3278 52.4274 53.7709 20.7862 68.2104 25.8621 37.6563 45.7615 ]
c0 = [ 116 231 217 117 99 157 250 149 120 170 ]
cp = [ 29.9127 18.4538 16.9369 31.6094 39.778 20.4701 8.93509 22.2004 28.7261 25.2744 ]
D = [ 133 158 198 232 256 297 332 360 387 424 441 469 507 470 414 379 315 288 341 405 459 383 300 222 ]
K = 11
nk = [ 0 1 2 3 4 5 6 7 8 9 ]
First = [ 0 0 0 0 0 0 0 0 0 0 ]
Last = [ 0 0 0 0 0 0 0 0 0 0 ]
nS = 2
S = [ 1 0 0 0 0 1 0 0 0 0 ]
