n = 10 ; 
T = 24 ; 
Init = [ 1 1 0 0 0 1 1 1 0 1 ]
L = [ 3 4 5 6 3 4 8 3 8 10 ]
l = [ 3 4 5 6 3 4 8 3 8 10 ]
Pmin = [ 27 38 52 67 20 42 87 31 79 100 ]
Pmax = [ 27 38 52 67 20 42 87 31 79 100 ]
cf = [ 49.4155 63.6023 47.6587 48.7155 38.0757 49.9542 19.9741 45.5724 42.7266 58.5141 ]
c0 = [ 86 104 150 173 69 121 231 86 211 250 ]
cp = [ 40.0557 34.1441 23.7186 24.6723 36.8334 38.0828 15.2 33.9807 23.7226 8.35927 ]
D = [ 409 180 50 470 310 62 116 84 176 180 348 431 260 148 497 493 391 265 516 127 148 338 72 498 ]
K = 11
nk = [ 0 1 2 3 4 5 6 7 8 9 ]
First = [ 0 0 0 0 0 0 0 0 0 0 ]
Last = [ 0 0 0 0 0 0 0 0 0 0 ]
nS = 4
S = [ 1 0 0 1 0 1 0 0 1 0 ]
