n = 10 ; 
T = 24 ; 
Init = [ 0 1 1 0 0 0 1 0 0 1 ]
L = [ 5 2 8 4 8 8 4 9 4 7 ]
l = [ 5 2 8 4 8 8 4 9 4 7 ]
Pmin = [ 53 24 94 45 78 82 40 96 50 74 ]
Pmax = [ 53 24 94 45 78 82 40 96 50 74 ]
cf = [ 58.5914 43.292 68.8749 50.345 42.3136 41.7458 10.7593 45.2651 67.6347 61.1588 ]
c0 = [ 153 70 237 131 209 209 107 250 151 191 ]
cp = [ 26.7669 39.7686 16.4094 37.2247 20.389 15.7077 29.0975 8.79783 34.1041 34.9218 ]
D = [ 325 123 140 84 594 203 517 273 542 387 518 350 479 556 66 198 628 115 130 583 179 15 313 168 ]
K = 11
nk = [ 0 1 2 3 4 5 6 7 8 9 ]
First = [ 0 0 0 0 0 0 0 0 0 0 ]
Last = [ 0 0 0 0 0 0 0 0 0 0 ]
nS = 5
S = [ 1 0 1 0 1 0 1 0 1 0 ]
