n = 10 ; 
T = 24 ; 
Init = [ 0 0 1 1 0 0 1 0 0 0 ]
L = [ 9 6 3 5 7 3 8 7 4 3 ]
l = [ 9 6 3 5 7 3 8 7 4 3 ]
Pmin = [ 95 68 22 49 79 29 90 75 47 20 ]
Pmax = [ 95 68 22 49 79 29 90 75 47 20 ]
cf = [ 15.5861 19.5267 35.9805 49.2835 21.2838 25.7411 15.0631 17.9829 40.833 65.0429 ]
c0 = [ 245 178 73 128 205 83 228 210 139 74 ]
cp = [ 17.8077 17.204 40.635 30.9223 18.2085 27.7909 19.142 24.8427 29.7822 37.9096 ]
D = [ 101 256 309 128 418 347 203 492 145 191 532 305 285 238 322 438 315 399 397 175 249 475 289 513 ]
K = 11
nk = [ 0 1 2 3 4 5 6 7 8 9 ]
First = [ 0 0 0 0 0 0 0 0 0 0 ]
Last = [ 0 0 0 0 0 0 0 0 0 0 ]
nS = 4
S = [ 1 0 1 0 0 1 0 1 0 0 ]
