n = 10 ; 
T = 24 ; 
Init = [ 1 0 0 1 1 1 1 1 1 1 ]
L = [ 8 6 5 9 6 10 5 3 3 2 ]
l = [ 8 6 5 9 6 10 5 3 3 2 ]
Pmin = [ 93 65 52 96 59 100 60 22 33 21 ]
Pmax = [ 93 65 52 96 59 100 60 22 33 21 ]
cf = [ 21.3664 24.5835 58.3795 57.8876 44.1218 46.3833 54.8529 33.6232 10.3655 21.9821 ]
c0 = [ 234 181 149 250 173 250 171 80 108 76 ]
cp = [ 12.5705 24.5147 32.23 9.72246 26.1759 10.2528 27.3338 39.6367 35.378 38.942 ]
D = [ 283 28 124 554 372 257 89 147 438 445 42 466 246 385 418 202 427 263 44 313 83 181 481 573 ]
K = 11
nk = [ 0 1 2 3 4 5 6 7 8 9 ]
First = [ 0 0 0 0 0 0 0 0 0 0 ]
Last = [ 0 0 0 0 0 0 0 0 0 0 ]
nS = 4
S = [ 1 1 0 0 0 0 1 0 0 1 ]
