n = 10 ; 
T = 24 ; 
Init = [ 1 0 1 0 0 1 0 0 0 0 ]
L = [ 3 3 9 3 2 9 7 3 8 5 ]
l = [ 3 3 9 3 2 9 7 3 8 5 ]
Pmin = [ 29 33 96 28 14 96 67 30 86 45 ]
Pmax = [ 29 33 96 28 14 96 67 30 86 45 ]
cf = [ 55.9336 28.8395 49.8648 61.5553 66.4373 60.6848 8.0409 21.0571 28.5293 68.3739 ]
c0 = [ 89 111 250 79 62 250 171 98 231 134 ]
cp = [ 40.6594 31.5911 11.8593 37.3105 40.4477 11.4993 26.8203 37.4995 19.1273 34.1402 ]
D = [ 221 148 233 372 290 267 483 523 373 193 191 44 162 515 62 67 236 92 444 73 450 327 255 283 ]
K = 11
nk = [ 0 1 2 3 4 5 6 7 8 9 ]
First = [ 0 0 0 0 0 0 0 0 0 0 ]
Last = [ 0 0 0 0 0 0 0 0 0 0 ]
nS = 3
S = [ 1 0 1 0 1 0 0 0 0 0 ]
