n = 10 ; 
T = 24 ; 
Init = [ 1 0 1 0 1 1 0 0 1 0 ]
L = [ 9 3 6 6 8 8 4 3 5 5 ]
l = [ 9 3 6 6 8 8 4 3 5 5 ]
Pmin = [ 94 29 68 60 89 84 41 29 57 47 ]
Pmax = [ 94 29 68 60 89 84 41 29 57 47 ]
cf = [ 51.8961 50.5307 9.07868 31.8946 56.2755 62.9743 39.6439 29.0125 61.7988 30.8408 ]
c0 = [ 250 84 175 159 237 232 117 100 151 142 ]
cp = [ 15.0592 37.7824 32.6211 24.7198 12.5284 10.6298 25.7397 38.4679 23.1153 30.643 ]
D = [ 176 191 213 242 277 313 345 364 398 411 441 479 505 453 427 373 343 292 343 395 451 367 296 210 ]
K = 11
nk = [ 0 1 2 3 4 5 6 7 8 9 ]
First = [ 0 0 0 0 0 0 0 0 0 0 ]
Last = [ 0 0 0 0 0 0 0 0 0 0 ]
nS = 3
S = [ 1 0 0 0 0 1 0 1 0 0 ]
