n = 10 ; 
T = 24 ; 
Init = [ 0 0 0 0 0 1 1 1 0 1 ]
L = [ 3 7 6 7 6 7 7 10 4 8 ]
l = [ 3 7 6 7 6 7 7 10 4 8 ]
Pmin = [ 32 74 67 68 59 77 65 100 35 79 ]
Pmax = [ 32 74 67 68 59 77 65 100 35 79 ]
cf = [ 39.6493 12.3753 23.2905 36.8961 21.0862 38.4022 35.4632 21.9663 64.402 13.4339 ]
c0 = [ 108 206 171 191 168 206 175 250 103 219 ]
cp = [ 32.202 15.8064 31.9298 23.1722 18.6638 17.7632 24.6143 8.50881 37.7813 21.0655 ]
D = [ 175 191 234 256 293 311 348 381 405 435 467 511 539 496 444 409 359 322 392 447 502 405 312 240 ]
K = 11
nk = [ 0 1 2 3 4 5 6 7 8 9 ]
First = [ 0 0 0 0 0 0 0 0 0 0 ]
Last = [ 0 0 0 0 0 0 0 0 0 0 ]
nS = 2
S = [ 1 0 0 0 0 0 1 0 0 0 ]
