n = 10 ; 
T = 24 ; 
Init = [ 1 0 0 1 1 0 1 0 0 0 ]
L = [ 2 9 7 6 3 9 2 3 5 9 ]
l = [ 2 9 7 6 3 9 2 3 5 9 ]
Pmin = [ 19 100 72 69 28 96 21 34 57 100 ]
Pmax = [ 19 100 72 69 28 96 21 34 57 100 ]
cf = [ 23.4893 64.3195 14.3165 47.0156 41.2554 42.0732 22.3907 59.4137 68.7644 24.7961 ]
c0 = [ 65 250 192 192 81 250 79 92 158 250 ]
cp = [ 39.2797 9.22896 29.0797 23.6994 33.3883 10.8064 39.2323 37.7523 27.2622 12.8855 ]
D = [ 167 191 211 241 270 289 332 337 379 405 421 454 483 438 419 376 332 305 345 367 416 353 288 223 ]
K = 11
nk = [ 0 1 2 3 4 5 6 7 8 9 ]
First = [ 0 0 0 0 0 0 0 0 0 0 ]
Last = [ 0 0 0 0 0 0 0 0 0 0 ]
nS = 3
S = [ 1 0 1 0 0 0 1 0 0 0 ]
