n = 10 ; 
T = 24 ; 
Init = [ 1 1 0 0 1 0 1 1 0 1 ]
L = [ 6 9 5 7 5 4 3 7 3 3 ]
l = [ 6 9 5 7 5 4 3 7 3 3 ]
Pmin = [ 62 96 52 72 51 40 37 72 25 36 ]
Pmax = [ 62 96 52 72 51 40 37 72 25 36 ]
cf = [ 49.0793 41.7156 30.6419 47.711 22.8837 39.0419 17.1139 52.926 55.3436 10.3631 ]
c0 = [ 165 250 154 204 135 109 109 205 75 115 ]
cp = [ 26.291 21.6279 31.7692 22.081 25.4109 26.1636 30.7707 14.8168 39.4456 33.0537 ]
D = [ 333 351 514 452 390 392 202 321 376 367 30 5 104 490 514 119 532 238 115 75 177 477 375 381 ]
K = 11
nk = [ 0 1 2 3 4 5 6 7 8 9 ]
First = [ 0 0 0 0 0 0 0 0 0 0 ]
Last = [ 0 0 0 0 0 0 0 0 0 0 ]
nS = 2
S = [ 1 0 0 0 0 1 0 0 0 0 ]
