n = 10 ; 
T = 24 ; 
Init = [ 1 1 1 1 0 0 1 1 0 1 ]
L = [ 9 9 8 2 7 6 4 7 3 7 ]
l = [ 9 9 8 2 7 6 4 7 3 7 ]
Pmin = [ 97 96 94 25 80 59 39 73 38 79 ]
Pmax = [ 97 96 94 25 80 59 39 73 38 79 ]
cf = [ 53.1224 50.1409 39.7889 42.2273 33.3245 23.2904 54.2557 30.7 21.0726 44.1914 ]
c0 = [ 250 250 249 89 210 158 119 201 104 201 ]
cp = [ 22.9693 14.6658 9.97146 41.1199 16.3037 30.1776 26.1473 25.1956 37.1048 28.4188 ]
D = [ 127 10 388 59 542 1 48 47 193 677 612 635 633 349 538 190 526 334 629 556 396 447 342 70 ]
K = 11
nk = [ 0 1 2 3 4 5 6 7 8 9 ]
First = [ 0 0 0 0 0 0 0 0 0 0 ]
Last = [ 0 0 0 0 0 0 0 0 0 0 ]
nS = 4
S = [ 1 0 0 1 1 0 1 0 0 0 ]
