n = 10 ; 
T = 24 ; 
Init = [ 1 0 1 1 1 0 1 0 0 0 ]
L = [ 7 10 3 5 6 9 3 3 5 6 ]
l = [ 7 10 3 5 6 9 3 3 5 6 ]
Pmin = [ 71 100 33 54 71 100 27 32 49 59 ]
Pmax = [ 71 100 33 54 71 100 27 32 49 59 ]
cf = [ 27.6256 46.601 39.1066 45.7147 23.3828 31.3275 36.3961 37.5544 9.378 48.4854 ]
c0 = [ 194 250 95 144 193 250 83 88 139 158 ]
cp = [ 25.6506 8.83439 32.8519 35.9258 18.6727 10.4437 38.7393 37.4799 34.4185 25.4614 ]
D = [ 166 184 214 257 268 297 337 371 391 431 450 494 505 467 423 378 342 306 346 376 420 356 307 245 ]
K = 11
nk = [ 0 1 2 3 4 5 6 7 8 9 ]
First = [ 0 0 0 0 0 0 0 0 0 0 ]
Last = [ 0 0 0 0 0 0 0 0 0 0 ]
nS = 4
S = [ 1 0 0 0 1 0 0 1 0 1 ]
