n = 10 ; 
T = 24 ; 
Init = [ 1 0 1 1 1 0 0 1 0 1 ]
L = [ 3 9 6 6 7 5 5 7 2 4 ]
l = [ 3 9 6 6 7 5 5 7 2 4 ]
Pmin = [ 27 90 62 68 66 62 54 76 20 40 ]
Pmax = [ 27 90 62 68 66 62 54 76 20 40 ]
cf = [ 41.1386 17.9044 22.8272 65.5007 60.6206 55.6109 59.4773 53.7066 43.4625 20.1506 ]
c0 = [ 78 241 161 181 180 169 143 203 67 111 ]
cp = [ 40.3038 12.3619 25.9442 19.1884 22.1182 23.3772 33.8148 24.6676 41.6275 40.0437 ]
D = [ 538 35 359 199 20 420 26 441 120 197 284 193 564 315 380 265 20 464 2 250 21 308 348 163 ]
K = 11
nk = [ 0 1 2 3 4 5 6 7 8 9 ]
First = [ 0 0 0 0 0 0 0 0 0 0 ]
Last = [ 0 0 0 0 0 0 0 0 0 0 ]
nS = 3
S = [ 1 0 0 0 0 1 0 0 1 0 ]
