n = 10 ; 
T = 48 ; 
Init = [ 1 0 0 0 1 0 0 0 0 1 ]
L = [ 8 5 7 7 7 10 6 5 7 5 ]
l = [ 8 5 7 7 7 10 6 5 7 5 ]
Pmin = [ 87 59 78 71 62 100 58 49 76 60 ]
Pmax = [ 87 59 78 71 62 100 58 49 76 60 ]
cf = [ 53.5781 34.0481 69.8008 52.3955 34.8037 16.841 65.3836 54.0715 13.3609 26.056 ]
c0 = [ 227 165 210 184 160 250 155 142 206 156 ]
cp = [ 11.6957 15.0451 20.0699 14.9765 36.8375 9.65375 23.1579 35.7968 16.6991 30.2705 ]
D = [ 513 533 634 143 326 16 345 596 213 113 174 453 532 582 594 545 616 78 308 353 144 126 654 142 630 263 251 579 86 322 91 599 154 25 42 481 41 387 377 255 499 551 8 331 433 602 176 349 ]
K = 11
nk = [ 0 1 2 3 4 5 6 7 8 9 ]
First = [ 0 0 0 0 0 0 0 0 0 0 ]
Last = [ 0 0 0 0 0 0 0 0 0 0 ]
nS = 3
S = [ 1 0 0 0 1 0 0 0 0 1 ]
