n = 10 ; 
T = 48 ; 
Init = [ 1 0 0 1 0 0 1 0 1 0 ]
L = [ 8 3 10 7 9 6 6 7 8 4 ]
l = [ 8 3 10 7 9 6 6 7 8 4 ]
Pmin = [ 83 32 100 76 100 65 70 73 92 35 ]
Pmax = [ 83 32 100 76 100 65 70 73 92 35 ]
cf = [ 47.1519 20.2958 42.1958 33.6427 60.9938 30.1468 16.6385 43.3034 61.8913 57.6338 ]
c0 = [ 212 96 250 192 250 172 199 188 236 117 ]
cp = [ 21.4494 31.4161 8.08024 14.482 10.3842 26.9713 23.5814 25.6499 23.8593 23.2247 ]
D = [ 205 235 267 312 351 378 411 430 464 506 517 567 598 542 496 474 436 378 430 481 529 449 349 264 171 214 249 264 307 355 378 416 465 504 545 575 623 562 500 470 405 362 424 490 535 444 382 289 ]
K = 11
nk = [ 0 1 2 3 4 5 6 7 8 9 ]
First = [ 0 0 0 0 0 0 0 0 0 0 ]
Last = [ 0 0 0 0 0 0 0 0 0 0 ]
nS = 3
S = [ 1 0 0 0 1 0 0 0 1 0 ]
