n = 10 ; 
T = 48 ; 
Init = [ 0 1 1 0 1 1 1 0 1 1 ]
L = [ 8 9 9 2 6 6 5 7 3 4 ]
l = [ 8 9 9 2 6 6 5 7 3 4 ]
Pmin = [ 83 97 94 25 61 58 47 75 22 42 ]
Pmax = [ 83 97 94 25 61 58 47 75 22 42 ]
cf = [ 24.9005 17.8105 32.3848 32.272 53.1814 64.8102 38.5316 20.4671 53.8667 14.8842 ]
c0 = [ 216 250 250 84 169 161 130 200 75 121 ]
cp = [ 22.1169 12.8877 11.524 41.7116 20.9588 24.6624 36.6145 21.3369 40.0139 37.8742 ]
D = [ 140 182 208 230 282 301 331 365 387 415 447 494 514 473 422 386 342 288 327 376 424 375 296 220 151 175 220 241 284 320 336 367 402 446 468 499 543 504 446 394 349 302 364 401 434 362 310 228 ]
K = 11
nk = [ 0 1 2 3 4 5 6 7 8 9 ]
First = [ 0 0 0 0 0 0 0 0 0 0 ]
Last = [ 0 0 0 0 0 0 0 0 0 0 ]
nS = 4
S = [ 1 0 0 1 1 0 0 1 0 0 ]
