n = 10 ; 
T = 48 ; 
Init = [ 1 0 0 1 0 1 0 0 1 0 ]
L = [ 5 5 8 7 7 3 5 10 6 2 ]
l = [ 5 5 8 7 7 3 5 10 6 2 ]
Pmin = [ 47 50 78 81 79 31 49 100 65 19 ]
Pmax = [ 47 50 78 81 79 31 49 100 65 19 ]
cf = [ 60.7644 52.0376 59.5184 19.9837 42.6465 42.8966 57.6746 32.3193 18.6266 50.1689 ]
c0 = [ 129 147 217 211 206 98 127 250 173 74 ]
cp = [ 33.6396 29.3577 22.8148 21.3599 16.806 35.8449 28.557 10.3946 22.3842 40.6358 ]
D = [ 302 195 102 318 127 506 40 129 304 494 451 468 324 415 18 525 195 29 445 362 510 357 191 410 481 530 153 364 172 263 175 474 458 277 193 585 184 232 115 488 127 566 357 451 382 375 377 577 ]
K = 11
nk = [ 0 1 2 3 4 5 6 7 8 9 ]
First = [ 0 0 0 0 0 0 0 0 0 0 ]
Last = [ 0 0 0 0 0 0 0 0 0 0 ]
nS = 4
S = [ 1 0 0 0 0 0 1 0 1 1 ]
