n = 10 ; 
T = 48 ; 
Init = [ 0 0 0 0 1 1 1 0 0 0 ]
L = [ 5 6 5 5 8 9 9 4 9 6 ]
l = [ 5 6 5 5 8 9 9 4 9 6 ]
Pmin = [ 52 69 60 45 77 89 90 35 98 68 ]
Pmax = [ 52 69 60 45 77 89 90 35 98 68 ]
cf = [ 68.374 55.5565 21.5939 44.1386 23.464 52.9043 46.1098 32.3592 37.458 52.1417 ]
c0 = [ 150 191 157 140 197 234 229 99 250 186 ]
cp = [ 23.9172 16.6547 31.6658 32.2485 15.5193 14.3748 11.0676 38.1649 17.2591 24.5945 ]
D = [ 162 198 223 259 304 318 373 394 419 469 494 527 567 521 460 427 391 353 412 465 525 438 330 253 146 182 220 264 293 335 364 402 440 458 515 543 582 533 488 444 404 341 391 444 490 404 325 226 ]
K = 11
nk = [ 0 1 2 3 4 5 6 7 8 9 ]
First = [ 0 0 0 0 0 0 0 0 0 0 ]
Last = [ 0 0 0 0 0 0 0 0 0 0 ]
nS = 4
S = [ 1 0 1 0 0 0 0 0 1 1 ]
