n = 10 ; 
T = 48 ; 
Init = [ 1 1 0 0 1 1 0 1 1 0 ]
L = [ 7 5 5 7 6 6 9 9 9 6 ]
l = [ 7 5 5 7 6 6 9 9 9 6 ]
Pmin = [ 75 53 47 75 71 62 99 99 100 55 ]
Pmax = [ 75 53 47 75 71 62 99 99 100 55 ]
cf = [ 46.865 69.5223 42.0478 33.6566 45.8197 9.12987 50.0354 26.1636 54.0875 60.2227 ]
c0 = [ 192 157 125 200 182 170 250 250 250 147 ]
cp = [ 13.2625 25.6607 20.274 16.9891 15.4197 32.431 15.7925 11.9527 10.6718 24.2118 ]
D = [ 196 232 277 321 362 389 433 471 503 530 585 630 665 598 543 462 408 364 426 496 555 464 359 272 164 196 250 285 325 356 395 454 492 531 556 584 641 578 510 465 407 346 428 477 562 459 373 278 ]
K = 11
nk = [ 0 1 2 3 4 5 6 7 8 9 ]
First = [ 0 0 0 0 0 0 0 0 0 0 ]
Last = [ 0 0 0 0 0 0 0 0 0 0 ]
nS = 4
S = [ 1 0 1 1 0 0 0 0 1 0 ]
