n = 10 ; 
T = 48 ; 
Init = [ 1 0 0 0 1 0 1 0 0 0 ]
L = [ 4 2 7 4 8 10 9 2 6 7 ]
l = [ 4 2 7 4 8 10 9 2 6 7 ]
Pmin = [ 47 12 71 32 80 100 100 26 72 75 ]
Pmax = [ 47 12 71 32 80 100 100 26 72 75 ]
cf = [ 47.2504 42.5573 65.7912 49.8599 69.7541 66.7929 63.0623 59.9679 34.4718 61.1765 ]
c0 = [ 142 44 199 96 202 250 250 88 196 209 ]
cp = [ 19.4798 39.0688 18.5599 36.4795 24.4731 8.55746 14.7593 33.3398 22.6976 34.9906 ]
D = [ 149 174 198 241 283 298 330 358 389 435 453 482 525 487 437 384 339 288 340 386 438 373 300 235 166 197 236 266 290 339 356 388 414 452 484 524 549 503 456 413 364 334 365 432 476 393 329 240 ]
K = 11
nk = [ 0 1 2 3 4 5 6 7 8 9 ]
First = [ 0 0 0 0 0 0 0 0 0 0 ]
Last = [ 0 0 0 0 0 0 0 0 0 0 ]
nS = 5
S = [ 1 0 1 0 0 1 1 0 1 0 ]
