n = 10 ; 
T = 48 ; 
Init = [ 0 1 0 0 0 1 0 0 0 0 ]
L = [ 4 6 8 7 4 3 9 8 5 5 ]
l = [ 4 6 8 7 4 3 9 8 5 5 ]
Pmin = [ 44 59 86 73 44 21 92 88 48 57 ]
Pmax = [ 44 59 86 73 44 21 92 88 48 57 ]
cf = [ 41.1205 23.3144 45.1378 36.7486 60.7596 45.6783 49.1147 23.6775 39.795 32.3213 ]
c0 = [ 121 164 227 195 124 67 243 225 145 156 ]
cp = [ 30.8979 28.2518 22.3372 27.8533 34.0704 32.405 17.6862 20.3527 28.3852 26.6011 ]
D = [ 163 197 223 237 272 313 333 378 392 437 456 490 518 476 426 390 326 293 343 402 456 385 282 212 132 147 188 230 265 290 336 357 396 432 460 490 514 493 443 396 346 306 361 421 471 370 296 224 ]
K = 11
nk = [ 0 1 2 3 4 5 6 7 8 9 ]
First = [ 0 0 0 0 0 0 0 0 0 0 ]
Last = [ 0 0 0 0 0 0 0 0 0 0 ]
nS = 4
S = [ 1 0 0 0 0 1 1 1 0 0 ]
