n = 10 ; 
T = 48 ; 
Init = [ 1 0 0 0 0 1 0 0 0 0 ]
L = [ 6 4 5 9 9 10 3 5 5 10 ]
l = [ 6 4 5 9 9 10 3 5 5 10 ]
Pmin = [ 59 42 55 96 99 100 33 49 58 100 ]
Pmax = [ 59 42 55 96 99 100 33 49 58 100 ]
cf = [ 69.9704 14.0813 13.9055 64.0263 15.9393 50.9256 31.4769 62.0677 55.3787 16.4908 ]
c0 = [ 163 114 154 247 250 250 95 129 161 250 ]
cp = [ 33.1787 30.2766 31.3734 19.9911 21.4255 8.80584 35.5018 36.3765 26.3763 9.8911 ]
D = [ 457 651 182 344 553 494 116 326 207 505 182 589 611 586 76 238 431 207 277 79 290 277 156 365 211 254 156 480 167 687 584 625 646 75 278 509 569 394 144 86 208 326 675 128 221 60 365 653 ]
K = 11
nk = [ 0 1 2 3 4 5 6 7 8 9 ]
First = [ 0 0 0 0 0 0 0 0 0 0 ]
Last = [ 0 0 0 0 0 0 0 0 0 0 ]
nS = 4
S = [ 1 0 0 0 1 1 1 0 0 0 ]
