n = 10 ; 
T = 48 ; 
Init = [ 1 1 1 0 1 0 0 1 1 0 ]
L = [ 7 4 6 4 5 6 9 5 6 5 ]
l = [ 7 4 6 4 5 6 9 5 6 5 ]
Pmin = [ 74 35 58 44 47 55 92 58 66 48 ]
Pmax = [ 74 35 58 44 47 55 92 58 66 48 ]
cf = [ 43.6373 21.4047 41.2824 16.9265 43.5605 63.2209 36.7875 47.2037 21.5825 30.4812 ]
c0 = [ 189 114 154 125 138 163 233 155 177 131 ]
cp = [ 15.3641 36.2123 28.7569 33.076 33.3329 25.6444 17.3363 24.7602 20.5664 24.4344 ]
D = [ 106 498 217 206 339 321 233 163 277 149 167 324 65 276 576 461 200 50 33 424 214 368 556 528 459 314 466 155 105 23 370 211 521 10 417 283 331 73 445 32 222 35 356 287 311 355 171 511 ]
K = 11
nk = [ 0 1 2 3 4 5 6 7 8 9 ]
First = [ 0 0 0 0 0 0 0 0 0 0 ]
Last = [ 0 0 0 0 0 0 0 0 0 0 ]
nS = 3
S = [ 1 0 0 0 1 0 0 1 0 0 ]
