n = 10 ; 
T = 48 ; 
Init = [ 1 0 1 0 0 1 0 1 0 1 ]
L = [ 4 5 7 5 4 7 10 6 3 4 ]
l = [ 4 5 7 5 4 7 10 6 3 4 ]
Pmin = [ 42 58 71 53 49 73 100 61 29 38 ]
Pmax = [ 42 58 71 53 49 73 100 61 29 38 ]
cf = [ 67.4708 24.2281 41.1604 18.1679 31.5655 38.6725 68.4424 55.1641 63.7789 26.5936 ]
c0 = [ 113 161 182 157 149 206 250 169 89 116 ]
cp = [ 28.6532 24.6859 27.1731 21.7616 29.3239 17.6105 9.54521 25.0313 34.0433 20.9682 ]
D = [ 287 542 146 337 365 444 84 201 202 17 572 242 287 62 184 266 43 538 12 284 321 563 441 59 91 91 347 77 530 291 255 243 259 401 6 50 271 89 251 473 106 249 141 393 310 325 85 353 ]
K = 11
nk = [ 0 1 2 3 4 5 6 7 8 9 ]
First = [ 0 0 0 0 0 0 0 0 0 0 ]
Last = [ 0 0 0 0 0 0 0 0 0 0 ]
nS = 6
S = [ 1 0 1 0 1 1 0 1 1 0 ]
