n = 10 ; 
T = 48 ; 
Init = [ 0 1 0 1 1 0 1 1 0 1 ]
L = [ 10 7 9 3 6 7 3 4 6 4 ]
l = [ 10 7 9 3 6 7 3 4 6 4 ]
Pmin = [ 100 69 100 35 62 68 20 38 64 40 ]
Pmax = [ 100 69 100 35 62 68 20 38 64 40 ]
cf = [ 49.7228 28.787 9.7981 12.2055 65.9843 41.1073 14.1772 17.0055 49.7987 31.3568 ]
c0 = [ 250 195 250 95 179 182 66 103 165 127 ]
cp = [ 9.85684 22.431 13.3384 22.8669 25.2111 13.2671 41.3004 29.8961 16.0267 31.3482 ]
D = [ 125 158 178 212 247 292 305 343 393 404 439 478 509 461 421 374 342 295 344 417 470 391 288 223 130 167 193 222 270 297 329 364 396 433 462 496 534 491 445 377 339 291 358 393 459 392 320 242 ]
K = 11
nk = [ 0 1 2 3 4 5 6 7 8 9 ]
First = [ 0 0 0 0 0 0 0 0 0 0 ]
Last = [ 0 0 0 0 0 0 0 0 0 0 ]
nS = 2
S = [ 1 0 0 0 0 0 1 0 0 0 ]
