n = 10 ; 
T = 48 ; 
Init = [ 0 1 0 1 1 0 0 1 0 1 ]
L = [ 6 5 9 5 6 9 4 8 6 2 ]
l = [ 6 5 9 5 6 9 4 8 6 2 ]
Pmin = [ 63 43 86 55 58 89 39 85 67 18 ]
Pmax = [ 63 43 86 55 58 89 39 85 67 18 ]
cf = [ 15.6056 52.6167 54.8972 18.5013 50.9031 39.9441 55.7822 58.5641 23.2436 49.8982 ]
c0 = [ 169 127 237 146 166 234 114 235 181 61 ]
cp = [ 27.6924 35.0899 15.6735 35.3741 30.8876 14.6539 32.5533 18.3918 34.3429 40.9065 ]
D = [ 169 204 238 254 282 310 342 376 388 428 450 481 495 463 416 385 349 315 350 413 457 393 318 243 180 197 227 253 301 320 347 373 396 431 466 502 532 472 444 383 339 296 330 385 443 372 302 222 ]
K = 11
nk = [ 0 1 2 3 4 5 6 7 8 9 ]
First = [ 0 0 0 0 0 0 0 0 0 0 ]
Last = [ 0 0 0 0 0 0 0 0 0 0 ]
nS = 3
S = [ 1 0 0 0 1 0 0 0 1 0 ]
