n = 10 ; 
T = 48 ; 
Init = [ 1 1 0 0 0 0 0 1 0 0 ]
L = [ 7 8 7 6 8 6 3 5 6 5 ]
l = [ 7 8 7 6 8 6 3 5 6 5 ]
Pmin = [ 75 84 73 61 78 63 24 46 66 56 ]
Pmax = [ 75 84 73 61 78 63 24 46 66 56 ]
cf = [ 27.9446 62.9709 26.0837 40.9151 15.4348 50.3724 13.4665 49.8124 9.69235 64.2256 ]
c0 = [ 212 219 199 161 216 169 77 130 169 154 ]
cp = [ 26.8824 27.3678 24.4856 30.2445 13.3316 26.3872 33.3128 31.9603 22.6453 39.9819 ]
D = [ 146 178 212 250 279 295 340 352 401 412 440 474 513 467 420 372 349 290 348 400 451 366 297 230 139 170 214 244 254 307 336 357 399 411 450 473 508 479 437 397 362 315 366 411 467 405 310 222 ]
K = 11
nk = [ 0 1 2 3 4 5 6 7 8 9 ]
First = [ 0 0 0 0 0 0 0 0 0 0 ]
Last = [ 0 0 0 0 0 0 0 0 0 0 ]
nS = 3
S = [ 1 0 0 0 0 1 0 0 0 1 ]
