n = 10 ; 
T = 48 ; 
Init = [ 1 1 1 0 1 0 0 1 1 0 ]
L = [ 5 6 10 2 9 7 10 7 8 3 ]
l = [ 5 6 10 2 9 7 10 7 8 3 ]
Pmin = [ 43 61 100 23 100 77 98 84 95 21 ]
Pmax = [ 43 61 100 23 100 77 98 84 95 21 ]
cf = [ 49.0123 13.3007 68.8008 41.6097 43.2919 66.4419 19.7756 63.4941 46.2064 63.0313 ]
c0 = [ 115 169 250 79 250 206 250 228 250 65 ]
cp = [ 36.6629 20.6879 8.4458 39.5272 17.8545 25.0215 9.08763 13.8164 15.3102 39.4818 ]
D = [ 284 635 640 682 488 222 167 555 209 125 6 257 551 160 680 665 501 111 499 333 200 265 403 186 650 105 147 91 33 583 13 317 517 653 297 303 173 464 156 382 589 162 639 438 322 617 401 122 ]
K = 11
nk = [ 0 1 2 3 4 5 6 7 8 9 ]
First = [ 0 0 0 0 0 0 0 0 0 0 ]
Last = [ 0 0 0 0 0 0 0 0 0 0 ]
nS = 3
S = [ 1 0 0 0 1 0 0 0 1 0 ]
