n = 10 ; 
T = 48 ; 
Init = [ 1 0 1 1 1 1 1 0 1 1 ]
L = [ 8 4 9 2 9 3 9 4 5 7 ]
l = [ 8 4 9 2 9 3 9 4 5 7 ]
Pmin = [ 81 45 93 23 100 29 90 48 49 68 ]
Pmax = [ 81 45 93 23 100 29 90 48 49 68 ]
cf = [ 19.5199 56.528 67.7612 35.1273 35.901 60.2536 40.2229 43.012 40.774 23.6612 ]
c0 = [ 208 134 250 79 250 96 239 135 145 175 ]
cp = [ 12.8767 39.1294 21.9288 40.9511 11.6895 34.8555 14.5528 33.3942 35.7161 24.6063 ]
D = [ 152 186 222 262 278 322 330 360 406 433 449 488 511 473 423 380 346 286 355 416 489 391 318 216 150 173 199 232 263 299 342 388 402 446 483 520 551 494 448 408 371 325 378 407 449 365 319 241 ]
K = 11
nk = [ 0 1 2 3 4 5 6 7 8 9 ]
First = [ 0 0 0 0 0 0 0 0 0 0 ]
Last = [ 0 0 0 0 0 0 0 0 0 0 ]
nS = 3
S = [ 1 0 0 0 0 1 0 0 0 1 ]
