n = 10 ; 
T = 48 ; 
Init = [ 1 1 1 0 0 0 0 1 0 1 ]
L = [ 3 8 8 5 7 6 4 6 10 6 ]
l = [ 3 8 8 5 7 6 4 6 10 6 ]
Pmin = [ 30 81 90 54 83 62 42 67 98 59 ]
Pmax = [ 30 81 90 54 83 62 42 67 98 59 ]
cf = [ 19.1152 23.5958 54.5193 12.281 57.1497 38.9819 41.6135 12.5091 24.4092 60.8226 ]
c0 = [ 96 212 236 142 230 168 123 182 250 167 ]
cp = [ 37.2325 13.4351 31.0482 25.3259 20.5024 34.5784 28.2604 22.3841 13.2605 18.9588 ]
D = [ 189 204 247 266 302 352 376 404 432 474 497 536 556 501 459 431 365 324 398 455 522 423 343 232 139 182 214 255 282 328 373 392 431 472 515 537 596 535 485 450 393 337 391 449 507 423 325 228 ]
K = 11
nk = [ 0 1 2 3 4 5 6 7 8 9 ]
First = [ 0 0 0 0 0 0 0 0 0 0 ]
Last = [ 0 0 0 0 0 0 0 0 0 0 ]
nS = 2
S = [ 1 0 0 0 0 0 1 0 0 0 ]
