n = 10 ; 
T = 48 ; 
Init = [ 0 1 0 0 0 1 1 1 1 1 ]
L = [ 8 3 7 4 8 2 8 3 6 8 ]
l = [ 8 3 7 4 8 2 8 3 6 8 ]
Pmin = [ 89 18 75 39 85 24 80 38 64 85 ]
Pmax = [ 89 18 75 39 85 24 80 38 64 85 ]
cf = [ 39.1852 13.6552 31.8768 10.3973 62.4597 42.053 67.6458 25.4275 15.3798 46.7937 ]
c0 = [ 243 56 203 116 220 76 209 114 168 220 ]
cp = [ 21.7735 38.7058 34.269 19.4242 19.1013 40.7024 20.0452 33.9944 29.9088 17.2227 ]
D = [ 523 311 549 314 520 506 108 60 477 177 172 389 240 498 142 403 83 308 105 180 471 410 243 110 443 172 442 420 346 522 200 272 236 152 586 158 61 97 218 538 274 390 329 513 291 472 319 374 ]
K = 11
nk = [ 0 1 2 3 4 5 6 7 8 9 ]
First = [ 0 0 0 0 0 0 0 0 0 0 ]
Last = [ 0 0 0 0 0 0 0 0 0 0 ]
nS = 3
S = [ 1 0 0 1 0 0 0 1 0 0 ]
