n = 20 ; 
T = 24 ; 
Init = [ 0 0 0 0 0 1 0 0 1 0 1 1 0 0 1 0 0 0 1 0 ]
L = [ 6 8 5 4 6 7 7 5 4 4 8 5 2 7 9 7 6 5 5 3 ]
l = [ 6 8 5 4 6 7 7 5 4 4 8 5 2 7 9 7 6 5 5 3 ]
Pmin = [ 63 87 59 35 55 74 76 58 43 50 80 57 24 81 96 77 65 45 44 23 ]
Pmax = [ 63 87 59 35 55 74 76 58 43 50 80 57 24 81 96 77 65 45 44 23 ]
cf = [ 67.5912 35.6956 68.9829 52.6755 31.2446 8.4167 44.9322 7.9893 28.1297 24.7867 24.7483 21.7289 53.4545 8.77373 39.4864 16.2252 21.3761 21.2521 66.368 42.932 ]
c0 = [ 181 230 168 102 151 192 207 167 121 145 208 160 87 227 250 203 182 122 122 68 ]
cp = [ 35.8571 23.5777 29.9431 28.6229 27.2364 16.2146 20.3247 30.9401 35.5625 37.2668 20.0667 36.5177 30.8369 17.6849 19.3324 26.6091 15.351 38.4667 26.8425 39.4445 ]
D = [ 1126 286 145 914 255 1141 106 1128 72 462 109 26 1005 90 891 272 116 416 290 516 753 626 795 440 ]
K = 21
nk = [ 0 1 2 3 4 5 6 7 8 9 10 11 12 13 14 15 16 17 18 19 ]
First = [ 0 0 0 0 0 0 0 0 0 0 0 0 0 0 0 0 0 0 0 0 ]
Last = [ 0 0 0 0 0 0 0 0 0 0 0 0 0 0 0 0 0 0 0 0 ]
nS = 6
S = [ 1 0 0 0 0 0 1 0 0 0 0 1 0 1 0 0 1 0 0 1 ]
