n = 20 ; 
T = 24 ; 
Init = [ 1 0 1 1 1 1 0 1 0 0 1 1 1 1 0 0 0 1 0 0 ]
L = [ 4 10 5 7 9 7 6 3 10 4 8 5 7 3 9 5 8 4 3 9 ]
l = [ 4 10 5 7 9 7 6 3 10 4 8 5 7 3 9 5 8 4 3 9 ]
Pmin = [ 33 100 54 80 94 74 60 29 100 42 80 50 70 33 100 55 84 33 32 100 ]
Pmax = [ 33 100 54 80 94 74 60 29 100 42 80 50 70 33 100 55 84 33 32 100 ]
cf = [ 41.6053 29.0349 68.3869 66.3089 37.1684 59.782 68.2477 64.4788 11.2491 26.6837 41.8341 55.2081 64.0217 20.2918 46.9518 33.2875 21.8065 21.3573 23.4739 37.7901 ]
c0 = [ 106 250 155 221 247 187 167 98 250 118 207 147 196 96 250 150 217 95 88 250 ]
cp = [ 33.2033 10.0754 24.336 19.5122 11.0101 22.2416 19.8288 32.1021 11.473 38.7692 16.9812 26.6981 16.7407 37.1694 9.74148 26.2102 21.1118 34.1296 33.0522 11.517 ]
D = [ 614 619 370 410 959 310 836 28 685 879 25 98 31 1295 22 655 1083 1288 541 1171 392 1262 865 269 ]
K = 21
nk = [ 0 1 2 3 4 5 6 7 8 9 10 11 12 13 14 15 16 17 18 19 ]
First = [ 0 0 0 0 0 0 0 0 0 0 0 0 0 0 0 0 0 0 0 0 ]
Last = [ 0 0 0 0 0 0 0 0 0 0 0 0 0 0 0 0 0 0 0 0 ]
nS = 6
S = [ 1 0 0 0 0 0 1 0 1 1 0 0 1 0 0 0 0 0 1 0 ]
