n = 20 ; 
T = 24 ; 
Init = [ 1 1 1 1 0 1 1 1 0 0 1 0 1 0 1 0 0 0 1 0 ]
L = [ 3 6 5 4 8 5 9 8 7 7 3 3 4 7 5 6 6 7 3 7 ]
l = [ 3 6 5 4 8 5 9 8 7 7 3 3 4 7 5 6 6 7 3 7 ]
Pmin = [ 30 61 41 44 82 53 91 91 74 72 19 37 40 66 62 67 73 68 29 69 ]
Pmax = [ 30 61 41 44 82 53 91 91 74 72 19 37 40 66 62 67 73 68 29 69 ]
cf = [ 60.0315 51.624 66.9818 37.0989 19.6942 61.3456 54.9352 18.6879 66.032 39.1734 39.7828 64.3624 31.0431 55.3601 29.9705 23.1299 53.1302 47.0417 68.8094 17.0773 ]
c0 = [ 104 176 115 127 226 158 233 243 197 201 78 119 114 173 173 187 197 186 89 181 ]
cp = [ 39.1248 27.6467 20.0254 37.1807 14.6346 19.7283 12.3221 24.0887 23.8352 20.0996 35.3722 36.5853 36.7471 22.3642 34.2385 25.4507 29.982 16.5501 35.0963 14.9549 ]
D = [ 548 1093 78 973 148 754 667 789 272 1164 1083 87 823 1027 645 1059 867 366 107 793 963 715 688 240 ]
K = 21
nk = [ 0 1 2 3 4 5 6 7 8 9 10 11 12 13 14 15 16 17 18 19 ]
First = [ 0 0 0 0 0 0 0 0 0 0 0 0 0 0 0 0 0 0 0 0 ]
Last = [ 0 0 0 0 0 0 0 0 0 0 0 0 0 0 0 0 0 0 0 0 ]
nS = 5
S = [ 1 0 0 0 0 1 0 0 0 0 1 0 0 1 0 0 0 1 0 0 ]
