n = 20 ; 
T = 24 ; 
Init = [ 0 1 1 1 0 0 0 1 0 1 0 0 0 0 0 1 0 1 1 1 ]
L = [ 8 4 2 3 8 5 3 8 5 4 2 9 3 4 4 5 3 5 4 6 ]
l = [ 8 4 2 3 8 5 3 8 5 4 2 9 3 4 4 5 3 5 4 6 ]
Pmin = [ 91 41 16 35 97 51 32 81 55 37 21 91 25 40 45 50 24 54 32 67 ]
Pmax = [ 91 41 16 35 97 51 32 81 55 37 21 91 25 40 45 50 24 54 32 67 ]
cf = [ 51.785 32.9677 11.5807 19.296 26.5786 18.7004 40.7541 30.3571 67.453 42.0337 19.3333 34.1037 23.1038 12.8914 31.543 68.4417 62.4071 19.818 61.7602 9.67835 ]
c0 = [ 238 123 69 116 250 151 105 224 147 101 73 232 81 126 136 139 79 155 102 191 ]
cp = [ 24.976 23.5849 41.365 39.5245 16.4537 31.9056 33.3385 18.6727 25.5709 40.5268 41.9437 14.8443 40.0629 27.5168 26.0694 28.7765 32.9911 32.9167 36.4012 18.9811 ]
D = [ 206 261 340 393 448 498 541 584 661 708 756 828 850 802 729 646 544 480 582 625 725 609 447 359 ]
K = 21
nk = [ 0 1 2 3 4 5 6 7 8 9 10 11 12 13 14 15 16 17 18 19 ]
First = [ 0 0 0 0 0 0 0 0 0 0 0 0 0 0 0 0 0 0 0 0 ]
Last = [ 0 0 0 0 0 0 0 0 0 0 0 0 0 0 0 0 0 0 0 0 ]
nS = 7
S = [ 1 0 0 0 0 0 1 0 1 0 1 0 0 0 0 0 1 1 0 1 ]
