n = 20 ; 
T = 24 ; 
Init = [ 1 1 0 1 0 1 1 0 1 1 0 1 0 1 0 0 0 0 1 0 ]
L = [ 6 6 10 6 9 3 8 9 8 10 6 3 8 9 7 4 4 5 8 6 ]
l = [ 6 6 10 6 9 3 8 9 8 10 6 3 8 9 7 4 4 5 8 6 ]
Pmin = [ 69 67 100 66 97 35 82 96 86 100 65 19 85 97 81 47 48 53 84 68 ]
Pmax = [ 69 67 100 66 97 35 82 96 86 100 65 19 85 97 81 47 48 53 84 68 ]
cf = [ 43.1734 62.4839 32.8687 66.4689 28.4846 22.433 52.8766 22.8006 12.8112 54.7114 10.7526 21.2675 20.458 7.04474 25.1759 45.3699 61.1952 24.5768 67.9916 14.8532 ]
c0 = [ 178 180 250 169 250 112 230 247 221 250 177 58 228 244 225 135 142 159 213 181 ]
cp = [ 15.9512 22.4518 12.2326 26.9206 15.504 34.794 10.7276 12.1076 15.9509 11.0293 19.3121 38.8243 37.3106 13.1522 13.3297 23.5151 31.4869 26.1446 17.2693 18.9265 ]
D = [ 729 682 347 166 787 207 1000 458 187 1068 860 1017 895 8 936 1388 362 543 305 495 193 391 823 501 ]
K = 21
nk = [ 0 1 2 3 4 5 6 7 8 9 10 11 12 13 14 15 16 17 18 19 ]
First = [ 0 0 0 0 0 0 0 0 0 0 0 0 0 0 0 0 0 0 0 0 ]
Last = [ 0 0 0 0 0 0 0 0 0 0 0 0 0 0 0 0 0 0 0 0 ]
nS = 7
S = [ 1 0 0 0 1 0 0 0 0 0 1 0 0 1 0 0 1 0 1 1 ]
