n = 20 ; 
T = 24 ; 
Init = [ 1 0 0 0 0 0 0 1 1 0 1 1 0 1 1 1 1 1 1 1 ]
L = [ 5 10 9 9 9 4 3 9 6 6 8 5 2 6 3 9 4 7 8 7 ]
l = [ 5 10 9 9 9 4 3 9 6 6 8 5 2 6 3 9 4 7 8 7 ]
Pmin = [ 48 100 100 100 98 42 33 100 65 68 99 54 26 63 30 99 36 74 84 74 ]
Pmax = [ 48 100 100 100 98 42 33 100 65 68 99 54 26 63 30 99 36 74 84 74 ]
cf = [ 44.3559 14.5771 34.0609 15.3059 46.8459 26.97 41.1824 30.7218 27.4869 53.7612 61.7899 16.316 62.3904 69.6444 67.718 15.3898 28.7701 35.7807 46.1419 37.3758 ]
c0 = [ 144 250 250 250 250 118 101 250 168 182 248 152 82 180 94 250 108 197 217 204 ]
cp = [ 38.1781 8.1845 13.1215 11.1072 22.9139 28.215 32.1445 16.6851 22.1171 26.3049 16.201 20.5283 40.7687 23.6914 32.8288 10.8262 30.6413 22.9516 11.719 17.5421 ]
D = [ 1225 866 66 355 597 784 1323 1336 1365 268 999 798 435 204 981 1316 646 344 448 1099 1378 266 1305 1210 ]
K = 21
nk = [ 0 1 2 3 4 5 6 7 8 9 10 11 12 13 14 15 16 17 18 19 ]
First = [ 0 0 0 0 0 0 0 0 0 0 0 0 0 0 0 0 0 0 0 0 ]
Last = [ 0 0 0 0 0 0 0 0 0 0 0 0 0 0 0 0 0 0 0 0 ]
nS = 7
S = [ 1 0 1 0 0 1 0 0 1 0 1 1 0 0 0 0 0 1 0 0 ]
