n = 20 ; 
T = 24 ; 
Init = [ 1 1 0 1 1 1 0 1 0 0 1 0 1 1 0 1 1 0 0 0 ]
L = [ 5 7 9 6 5 8 8 7 5 9 5 7 10 5 10 7 8 7 7 3 ]
l = [ 5 7 9 6 5 8 8 7 5 9 5 7 10 5 10 7 8 7 7 3 ]
Pmin = [ 44 71 95 64 55 90 90 80 55 92 53 77 100 50 99 70 88 73 66 41 ]
Pmax = [ 44 71 95 64 55 90 90 80 55 92 53 77 100 50 99 70 88 73 66 41 ]
cf = [ 34.9972 21.1244 52.282 11.6604 60.7802 55.5855 44.6133 13.7493 26.6401 59.1586 69.3156 66.9803 52.1693 42.7614 22.5581 14.9692 26.59 45.6381 63.323 48.647 ]
c0 = [ 130 199 250 170 150 244 234 219 150 245 154 209 250 144 250 198 223 204 185 128 ]
cp = [ 37.0885 23.0929 12.947 23.1366 30.8285 13.831 20.592 19.0121 32.4321 18.3673 17.0688 19.2122 11.1347 28.9844 9.04049 22.3076 12.6776 17.5416 22.0992 29.6068 ]
D = [ 354 391 471 563 650 679 748 822 938 970 1089 1142 1221 1089 1046 932 809 764 834 957 1032 869 719 527 ]
K = 21
nk = [ 0 1 2 3 4 5 6 7 8 9 10 11 12 13 14 15 16 17 18 19 ]
First = [ 0 0 0 0 0 0 0 0 0 0 0 0 0 0 0 0 0 0 0 0 ]
Last = [ 0 0 0 0 0 0 0 0 0 0 0 0 0 0 0 0 0 0 0 0 ]
nS = 6
S = [ 1 0 0 0 1 0 0 0 0 1 0 0 0 1 0 0 0 0 1 1 ]
