n = 20 ; 
T = 24 ; 
Init = [ 1 0 0 0 0 1 0 1 0 1 1 1 0 0 1 1 1 0 1 0 ]
L = [ 4 6 9 6 2 10 7 2 3 7 4 7 6 10 7 5 4 8 3 3 ]
l = [ 4 6 9 6 2 10 7 2 3 7 4 7 6 10 7 5 4 8 3 3 ]
Pmin = [ 40 67 92 77 21 100 64 22 35 75 40 72 70 100 78 57 35 92 29 33 ]
Pmax = [ 40 67 92 77 21 100 64 22 35 75 40 72 70 100 78 57 35 92 29 33 ]
cf = [ 29.051 69.1334 29.6477 67.9953 57.8036 16.2586 64.2412 68.2897 15.8679 24.1278 59.1442 39.045 56.2508 63.7549 50.7459 34.921 28.1338 38.9838 25.3197 37.5913 ]
c0 = [ 116 181 233 198 75 250 182 81 98 204 120 198 179 250 210 164 108 246 87 101 ]
cp = [ 26.7622 30.9774 13.0365 21.3788 35.8145 12.1324 14.4177 39.8274 31.5389 19.2618 26.8341 33.1416 27.6624 11.6243 21.9352 29.1891 33.9601 18.3919 35.6227 39.7989 ]
D = [ 122 1147 173 192 244 872 1076 1025 525 245 462 945 228 893 907 1195 1069 797 1163 39 1123 956 649 861 ]
K = 21
nk = [ 0 1 2 3 4 5 6 7 8 9 10 11 12 13 14 15 16 17 18 19 ]
First = [ 0 0 0 0 0 0 0 0 0 0 0 0 0 0 0 0 0 0 0 0 ]
Last = [ 0 0 0 0 0 0 0 0 0 0 0 0 0 0 0 0 0 0 0 0 ]
nS = 5
S = [ 1 0 0 0 0 1 0 0 0 0 1 0 0 1 1 0 0 0 0 0 ]
