n = 20 ; 
T = 24 ; 
Init = [ 0 1 1 1 0 1 0 0 1 1 0 0 1 0 1 1 0 1 1 1 ]
L = [ 6 7 9 9 7 8 5 5 10 9 9 6 9 7 10 4 2 6 4 5 ]
l = [ 6 7 9 9 7 8 5 5 10 9 9 6 9 7 10 4 2 6 4 5 ]
Pmin = [ 59 70 98 89 80 84 51 60 100 95 100 71 92 81 100 39 20 62 51 58 ]
Pmax = [ 59 70 98 89 80 84 51 60 100 95 100 71 92 81 100 39 20 62 51 58 ]
cf = [ 33.9188 41.9572 41.3436 61.6699 61.0285 55.8811 9.46 24.574 14.9318 67.1767 52.5045 38.8557 55.8578 69.6801 65.992 29.6482 10.1439 69.1557 37.7683 44.6029 ]
c0 = [ 160 197 250 234 215 213 133 158 250 250 250 193 250 220 250 124 61 176 150 164 ]
cp = [ 14.5775 19.83 17.4837 19.0126 32.7355 16.0038 37.4861 26.4399 17.1256 14.0354 17.3466 27.525 14.0596 22.7169 8.46249 32.6752 41.6059 26.988 32.6807 30.9497 ]
D = [ 1112 394 333 988 1386 5 842 116 1067 494 1171 230 1304 507 37 1096 180 94 43 363 29 1098 1102 1161 ]
K = 21
nk = [ 0 1 2 3 4 5 6 7 8 9 10 11 12 13 14 15 16 17 18 19 ]
First = [ 0 0 0 0 0 0 0 0 0 0 0 0 0 0 0 0 0 0 0 0 ]
Last = [ 0 0 0 0 0 0 0 0 0 0 0 0 0 0 0 0 0 0 0 0 ]
nS = 6
S = [ 1 0 1 0 0 0 1 0 0 0 0 0 1 0 0 1 0 0 1 0 ]
