n = 20 ; 
T = 24 ; 
Init = [ 1 0 0 1 0 1 0 0 1 0 0 1 1 0 1 0 0 0 0 0 ]
L = [ 6 10 7 4 2 4 9 8 3 6 7 9 4 2 9 3 4 5 5 6 ]
l = [ 6 10 7 4 2 4 9 8 3 6 7 9 4 2 9 3 4 5 5 6 ]
Pmin = [ 63 100 73 38 20 41 93 87 27 67 71 96 43 12 100 25 37 46 58 67 ]
Pmax = [ 63 100 73 38 20 41 93 87 27 67 71 96 43 12 100 25 37 46 58 67 ]
cf = [ 53.5837 14.3837 63.5911 24.6619 23.8109 45.645 33.1252 25.7896 57.6085 20.0536 35.7196 63.5158 15.1577 68.922 56.4443 22.2275 61.858 64.8606 11.6284 33.5141 ]
c0 = [ 163 250 198 122 62 129 235 236 88 186 197 250 115 45 250 88 113 129 165 187 ]
cp = [ 15.9916 8.56077 27.4531 34.755 41.3111 37.3035 10.9033 28.2937 35.2223 17.5136 28.4197 22.7896 26.5898 41.3416 11.0352 23.5152 34.1681 17.3292 23.3324 15.0389 ]
D = [ 277 350 420 473 514 586 639 697 759 829 887 965 1026 940 856 751 676 613 669 738 816 702 562 451 ]
K = 21
nk = [ 0 1 2 3 4 5 6 7 8 9 10 11 12 13 14 15 16 17 18 19 ]
First = [ 0 0 0 0 0 0 0 0 0 0 0 0 0 0 0 0 0 0 0 0 ]
Last = [ 0 0 0 0 0 0 0 0 0 0 0 0 0 0 0 0 0 0 0 0 ]
nS = 7
S = [ 1 0 1 0 1 0 0 0 1 0 0 0 0 1 1 0 0 0 0 1 ]
