n = 20 ; 
T = 24 ; 
Init = [ 1 0 0 1 1 1 1 1 0 1 1 0 0 0 1 0 0 1 1 1 ]
L = [ 4 8 3 4 5 6 8 5 3 2 8 5 8 7 4 5 10 8 3 7 ]
l = [ 4 8 3 4 5 6 8 5 3 2 8 5 8 7 4 5 10 8 3 7 ]
Pmin = [ 40 91 32 53 54 65 77 56 25 24 92 44 88 64 30 50 100 86 23 83 ]
Pmax = [ 40 91 32 53 54 65 77 56 25 24 92 44 88 64 30 50 100 86 23 83 ]
cf = [ 42.179 36.9228 36.9529 41.0791 41.8027 50.3993 14.2214 18.5871 16.0805 41.7923 46.426 27.0824 55.3283 42.1437 19.5312 69.0621 51.2765 59.2662 61.9138 65.2304 ]
c0 = [ 110 232 108 158 144 169 209 164 76 86 249 117 233 167 102 133 250 218 84 214 ]
cp = [ 29.369 22.8462 33.5626 32.0098 31.9928 17.5004 20.7565 29.5654 37.9435 40.9689 20.8619 28.9083 13.3012 19.4525 32.7426 24.0209 11.2265 12.2715 39.6552 27.8015 ]
D = [ 323 350 439 489 503 566 630 687 751 817 828 898 937 873 815 749 688 616 702 811 900 772 616 507 ]
K = 21
nk = [ 0 1 2 3 4 5 6 7 8 9 10 11 12 13 14 15 16 17 18 19 ]
First = [ 0 0 0 0 0 0 0 0 0 0 0 0 0 0 0 0 0 0 0 0 ]
Last = [ 0 0 0 0 0 0 0 0 0 0 0 0 0 0 0 0 0 0 0 0 ]
nS = 5
S = [ 1 0 1 0 0 0 0 0 1 0 0 0 0 0 1 0 0 0 1 0 ]
