n = 20 ; 
T = 24 ; 
Init = [ 0 0 1 0 1 0 0 1 1 1 0 0 1 0 0 0 1 1 1 0 ]
L = [ 4 5 8 7 6 6 5 6 4 6 10 4 10 8 6 9 7 6 6 4 ]
l = [ 4 5 8 7 6 6 5 6 4 6 10 4 10 8 6 9 7 6 6 4 ]
Pmin = [ 46 47 81 67 63 63 48 57 44 72 100 40 100 90 62 99 79 58 64 48 ]
Pmax = [ 46 47 81 67 63 63 48 57 44 72 100 40 100 90 62 99 79 58 64 48 ]
cf = [ 11.0524 36.2394 52.6578 11.4642 14.2595 32.9641 53.4799 52.0339 22.9491 48.2118 39.0419 40.6647 67.2227 69.118 46.5584 65.1651 38.9445 55.4693 48.0294 16.3716 ]
c0 = [ 127 131 214 173 183 173 130 164 131 190 250 116 250 244 163 250 207 152 166 125 ]
cp = [ 32.7314 27.5437 14.6814 31.4332 33.4031 37.1643 17.0509 28.0931 31.1506 28.9862 8.85547 28.8824 12.0218 27.0154 22.0931 13.9055 10.9983 32.1005 32.2034 36.1133 ]
D = [ 283 363 404 516 595 634 747 794 900 978 1027 1096 1191 1068 994 885 808 681 801 931 1045 843 666 510 ]
K = 21
nk = [ 0 1 2 3 4 5 6 7 8 9 10 11 12 13 14 15 16 17 18 19 ]
First = [ 0 0 0 0 0 0 0 0 0 0 0 0 0 0 0 0 0 0 0 0 ]
Last = [ 0 0 0 0 0 0 0 0 0 0 0 0 0 0 0 0 0 0 0 0 ]
nS = 4
S = [ 1 0 0 0 0 1 0 0 0 0 0 1 0 0 0 0 1 0 0 0 ]
