n = 20 ; 
T = 24 ; 
Init = [ 0 0 1 0 0 0 1 0 1 0 0 0 1 0 1 0 0 1 0 1 ]
L = [ 6 9 9 7 4 8 9 6 9 8 3 3 9 7 3 6 8 7 8 7 ]
l = [ 6 9 9 7 4 8 9 6 9 8 3 3 9 7 3 6 8 7 8 7 ]
Pmin = [ 58 93 95 79 42 84 100 69 94 90 28 21 100 73 33 62 79 72 93 79 ]
Pmax = [ 58 93 95 79 42 84 100 69 94 90 28 21 100 73 33 62 79 72 93 79 ]
cf = [ 69.3617 8.35114 55.7406 52.091 33.8276 17.7378 65.9521 67.771 28.7318 56.7576 46.3977 65.9207 9.4316 67.3417 66.3343 19.8497 58.4967 17.9073 38.5939 63.1005 ]
c0 = [ 164 239 244 201 114 231 250 182 236 227 93 74 250 207 94 159 201 195 232 216 ]
cp = [ 23.9967 13.5302 14.32 18.5672 29.1746 10.9173 12.6329 21.4788 23.8096 15.9058 38.6329 40.2516 13.2058 18.9206 31.7291 30.6678 18.1557 22.556 15.9341 31.3512 ]
D = [ 330 402 453 529 630 724 757 859 939 1026 1054 1177 1250 1154 999 913 807 670 812 922 1004 881 689 512 ]
K = 21
nk = [ 0 1 2 3 4 5 6 7 8 9 10 11 12 13 14 15 16 17 18 19 ]
First = [ 0 0 0 0 0 0 0 0 0 0 0 0 0 0 0 0 0 0 0 0 ]
Last = [ 0 0 0 0 0 0 0 0 0 0 0 0 0 0 0 0 0 0 0 0 ]
nS = 6
S = [ 1 0 0 0 1 0 1 0 0 0 0 1 0 1 0 0 0 0 0 1 ]
