n = 20 ; 
T = 24 ; 
Init = [ 1 1 0 0 0 0 1 0 0 0 0 0 0 0 0 0 0 1 0 1 ]
L = [ 6 3 3 4 8 9 8 3 5 8 7 4 4 7 10 7 8 8 4 8 ]
l = [ 6 3 3 4 8 9 8 3 5 8 7 4 4 7 10 7 8 8 4 8 ]
Pmin = [ 66 31 33 38 85 94 88 22 56 85 75 46 38 69 100 83 79 81 43 94 ]
Pmax = [ 66 31 33 38 85 94 88 22 56 85 75 46 38 69 100 83 79 81 43 94 ]
cf = [ 23.2079 49.3421 65.2332 61.6764 59.2861 11.7836 45.0454 63.9 60.4853 11.2663 29.1669 34.8003 14.9062 44.5967 34.9821 60.305 57.5998 27.4104 12.7578 9.3694 ]
c0 = [ 181 85 94 102 231 240 240 68 149 232 213 139 114 179 250 216 207 221 121 250 ]
cp = [ 26.4614 32.299 32.5384 25.4736 30.699 11.7974 21.8439 32.1545 21.885 24.9944 15.3999 37.7441 36.7916 34.6674 8.64835 18.2166 25.7938 30.1884 28.7807 13.0075 ]
D = [ 284 366 421 486 544 633 714 793 843 921 998 1061 1114 1034 921 812 747 639 723 839 932 788 654 525 ]
K = 21
nk = [ 0 1 2 3 4 5 6 7 8 9 10 11 12 13 14 15 16 17 18 19 ]
First = [ 0 0 0 0 0 0 0 0 0 0 0 0 0 0 0 0 0 0 0 0 ]
Last = [ 0 0 0 0 0 0 0 0 0 0 0 0 0 0 0 0 0 0 0 0 ]
nS = 8
S = [ 1 1 0 0 1 0 1 1 0 0 0 1 0 0 0 0 0 1 1 0 ]
