n = 20 ; 
T = 24 ; 
Init = [ 1 0 1 0 0 1 0 1 0 1 1 1 0 1 1 1 0 1 0 1 ]
L = [ 10 7 9 7 3 8 9 7 8 3 3 5 4 6 6 9 3 2 9 6 ]
l = [ 10 7 9 7 3 8 9 7 8 3 3 5 4 6 6 9 3 2 9 6 ]
Pmin = [ 100 66 100 66 30 90 100 77 89 34 36 55 40 68 59 94 25 22 92 69 ]
Pmax = [ 100 66 100 66 30 90 100 77 89 34 36 55 40 68 59 94 25 22 92 69 ]
cf = [ 23.5994 60.4098 56.2512 43.8176 40.1115 65.7776 60.1796 19.6175 62.1959 33.9092 56.9297 55.1103 44.5896 37.0918 29.7639 42.6533 43.5417 57.5072 51.8689 66.0288 ]
c0 = [ 250 171 250 181 104 228 250 198 230 108 115 163 111 190 153 249 70 64 231 175 ]
cp = [ 9.67168 24.7177 16.0558 17.7082 40.6315 15.0549 14.315 12.8871 22.3526 34.7879 36.3831 22.7581 25.2161 21.8264 22.4014 17.6461 40.0592 41.2698 14.9802 17.1207 ]
D = [ 354 385 455 508 589 658 724 783 850 957 1013 1049 1152 1063 970 834 764 670 772 839 933 802 677 540 ]
K = 21
nk = [ 0 1 2 3 4 5 6 7 8 9 10 11 12 13 14 15 16 17 18 19 ]
First = [ 0 0 0 0 0 0 0 0 0 0 0 0 0 0 0 0 0 0 0 0 ]
Last = [ 0 0 0 0 0 0 0 0 0 0 0 0 0 0 0 0 0 0 0 0 ]
nS = 7
S = [ 1 0 0 0 0 0 1 0 0 0 1 1 1 0 0 0 0 0 1 1 ]
