n = 20 ; 
T = 48 ; 
Init = [ 0 0 0 0 1 1 0 0 1 0 1 1 0 0 1 0 1 0 1 1 ]
L = [ 5 8 5 4 9 3 6 6 3 5 7 4 5 3 5 6 9 7 2 5 ]
l = [ 5 8 5 4 9 3 6 6 3 5 7 4 5 3 5 6 9 7 2 5 ]
Pmin = [ 51 97 49 37 95 31 66 56 33 49 79 38 52 31 50 64 100 69 24 53 ]
Pmax = [ 51 97 49 37 95 31 66 56 33 49 79 38 52 31 50 64 100 69 24 53 ]
cf = [ 41.9613 24.2289 10.0899 51.5954 14.755 69.6038 7.90615 11.0696 25.7556 67.8323 29.422 62.9744 62.4141 61.8037 60.5971 59.5346 53.2385 16.5966 51.0861 62.804 ]
c0 = [ 147 250 139 120 250 104 175 163 93 146 203 118 151 95 138 177 250 182 82 141 ]
cp = [ 24.0828 13.0093 34.6875 38.2081 18.4365 32.119 27.4403 25.7667 35.8792 27.3087 24.1823 39.1946 28.1772 36.5134 25.8798 30.9306 13.3389 19.2792 41.8204 22.1658 ]
D = [ 310 369 439 485 556 606 669 682 768 815 847 927 975 880 796 744 666 606 663 738 830 680 546 451 302 343 433 485 544 581 651 707 754 829 873 958 1012 887 817 701 612 522 656 744 885 722 621 446 ]
K = 21
nk = [ 0 1 2 3 4 5 6 7 8 9 10 11 12 13 14 15 16 17 18 19 ]
First = [ 0 0 0 0 0 0 0 0 0 0 0 0 0 0 0 0 0 0 0 0 ]
Last = [ 0 0 0 0 0 0 0 0 0 0 0 0 0 0 0 0 0 0 0 0 ]
nS = 4
S = [ 1 0 0 0 0 0 1 0 0 0 0 1 0 0 0 0 0 1 0 0 ]
