n = 20 ; 
T = 48 ; 
Init = [ 0 0 0 0 1 1 1 1 1 1 0 1 1 1 1 0 1 1 1 0 ]
L = [ 5 3 10 7 4 6 8 2 4 2 5 6 6 10 5 5 6 3 7 4 ]
l = [ 5 3 10 7 4 6 8 2 4 2 5 6 6 10 5 5 6 3 7 4 ]
Pmin = [ 49 22 100 77 41 73 89 19 33 22 55 64 68 100 47 50 68 33 81 35 ]
Pmax = [ 49 22 100 77 41 73 89 19 33 22 55 64 68 100 47 50 68 33 81 35 ]
cf = [ 48.616 24.6119 48.6526 28.1948 40.3326 30.3406 64.9684 38.7579 54.5542 24.8831 69.8683 68.7497 30.5265 12.3298 44.1926 59.4706 33.5016 63.1181 43.4547 26.9843 ]
c0 = [ 132 66 250 209 119 194 229 73 110 65 144 175 181 250 140 145 176 95 226 102 ]
cp = [ 26.3989 39.7013 8.58301 20.7693 29.5149 32.6429 14.1822 41.1944 35.0844 41.795 16.0837 21.5059 30.8183 12.2854 39.1046 30.3543 26.4544 35.9996 17.8382 34.894 ]
D = [ 331 396 449 489 544 568 622 660 746 786 832 866 931 839 765 735 631 556 671 772 894 728 609 460 323 358 414 476 515 561 629 687 738 794 844 885 938 881 801 697 635 549 655 743 868 750 589 425 ]
K = 21
nk = [ 0 1 2 3 4 5 6 7 8 9 10 11 12 13 14 15 16 17 18 19 ]
First = [ 0 0 0 0 0 0 0 0 0 0 0 0 0 0 0 0 0 0 0 0 ]
Last = [ 0 0 0 0 0 0 0 0 0 0 0 0 0 0 0 0 0 0 0 0 ]
nS = 6
S = [ 1 0 0 0 0 1 0 0 0 1 0 1 0 1 0 0 0 0 0 1 ]
