n = 20 ; 
T = 48 ; 
Init = [ 0 1 0 1 1 0 0 1 0 0 0 0 1 1 1 1 0 1 0 0 ]
L = [ 4 4 4 7 4 9 3 6 5 2 7 5 7 10 9 8 4 2 6 9 ]
l = [ 4 4 4 7 4 9 3 6 5 2 7 5 7 10 9 8 4 2 6 9 ]
Pmin = [ 38 40 46 79 34 99 38 63 60 19 68 52 82 100 100 86 39 22 61 96 ]
Pmax = [ 38 40 46 79 34 99 38 63 60 19 68 52 82 100 100 86 39 22 61 96 ]
cf = [ 27.6431 43.7626 64.9542 38.7809 32.4955 57.0151 66.2072 33.6379 46.1326 33.1862 25.3703 45.1718 15.3023 44.4585 41.8698 17.1372 38.2099 65.1065 54.0282 43.1552 ]
c0 = [ 122 123 128 220 94 250 110 174 157 66 176 144 227 250 250 216 112 80 165 250 ]
cp = [ 38.5923 16.6693 32.4979 15.7594 26.674 12.3432 32.5887 28.3074 24.7204 40.5149 23.7152 33.3071 19.4938 8.93622 12.7848 17.8792 20.5663 38.3422 32.6079 15.9439 ]
D = [ 378 1084 26 299 981 1144 325 260 846 819 135 24 310 37 641 805 1007 567 99 544 1075 456 63 14 1182 739 211 566 644 1123 45 1022 985 71 100 744 1215 425 1004 839 22 1139 863 333 1176 282 1137 961 ]
K = 21
nk = [ 0 1 2 3 4 5 6 7 8 9 10 11 12 13 14 15 16 17 18 19 ]
First = [ 0 0 0 0 0 0 0 0 0 0 0 0 0 0 0 0 0 0 0 0 ]
Last = [ 0 0 0 0 0 0 0 0 0 0 0 0 0 0 0 0 0 0 0 0 ]
nS = 6
S = [ 1 0 0 0 0 0 1 0 0 0 0 0 1 0 0 0 1 1 1 0 ]
