n = 20 ; 
T = 48 ; 
Init = [ 1 1 0 0 1 1 0 1 1 0 1 1 1 1 0 1 0 1 1 0 ]
L = [ 9 8 7 7 3 3 7 8 7 6 7 6 3 5 8 9 4 6 9 8 ]
l = [ 9 8 7 7 3 3 7 8 7 6 7 6 3 5 8 9 4 6 9 8 ]
Pmin = [ 97 84 76 81 27 21 71 86 81 59 76 56 29 46 91 85 43 70 95 77 ]
Pmax = [ 97 84 76 81 27 21 71 86 81 59 76 56 29 46 91 85 43 70 95 77 ]
cf = [ 34.7089 35.911 35.7329 63.3033 47.769 18.7838 63.3322 36.4546 17.1646 24.9774 50.4337 47.0279 48.0564 69.601 11.2898 33.0796 15.5863 45.6911 68.1768 50.6274 ]
c0 = [ 250 221 200 214 92 65 192 229 217 158 206 152 94 132 233 233 127 185 250 203 ]
cp = [ 17.1353 12.7808 22.1706 25.2515 34.1268 39.6722 20.4796 14.4584 19.9562 17.7372 17.8422 25.0357 32.3845 26.0145 15.0852 15.7933 39.4595 28.382 14.4526 10.3375 ]
D = [ 1243 835 1304 692 186 207 547 959 589 470 99 1183 1090 715 1040 614 968 897 1245 1186 1282 826 693 811 817 785 20 1001 264 1332 586 157 816 539 848 1002 746 44 610 1335 514 709 1167 253 73 855 867 1041 ]
K = 21
nk = [ 0 1 2 3 4 5 6 7 8 9 10 11 12 13 14 15 16 17 18 19 ]
First = [ 0 0 0 0 0 0 0 0 0 0 0 0 0 0 0 0 0 0 0 0 ]
Last = [ 0 0 0 0 0 0 0 0 0 0 0 0 0 0 0 0 0 0 0 0 ]
nS = 7
S = [ 1 0 0 0 1 1 0 0 0 0 1 0 0 0 0 0 1 1 0 1 ]
