n = 20 ; 
T = 48 ; 
Init = [ 1 1 1 1 1 1 0 0 1 0 1 0 1 1 0 0 0 0 0 1 ]
L = [ 8 6 8 7 2 8 4 9 5 9 3 2 10 7 3 6 8 5 3 4 ]
l = [ 8 6 8 7 2 8 4 9 5 9 3 2 10 7 3 6 8 5 3 4 ]
Pmin = [ 84 69 86 76 25 88 48 97 55 100 30 22 100 69 21 66 91 55 38 43 ]
Pmax = [ 84 69 86 76 25 88 48 97 55 100 30 22 100 69 21 66 91 55 38 43 ]
cf = [ 60.4302 37.4343 61.2682 45.6204 42.8629 11.9794 29.3804 17.8128 55.3398 21.955 45.9994 45.3469 47.846 61.0976 22.3453 52.9672 24.5532 36.4627 46.6437 40.7154 ]
c0 = [ 230 185 221 207 72 230 130 250 147 250 94 81 250 177 61 175 236 164 104 119 ]
cp = [ 23.9814 32.239 17.8996 23.2549 41.4831 15.4063 34.3983 15.4376 25.1657 9.83538 35.3868 40.6907 10.2563 27.4205 37.7895 31.058 13.7244 31.2803 29.8749 29.3214 ]
D = [ 283 345 431 494 563 653 698 799 858 941 989 1074 1120 1033 921 814 696 583 685 784 898 772 596 466 277 380 438 485 552 653 698 734 809 886 960 997 1102 989 901 824 756 667 748 843 927 757 564 424 ]
K = 21
nk = [ 0 1 2 3 4 5 6 7 8 9 10 11 12 13 14 15 16 17 18 19 ]
First = [ 0 0 0 0 0 0 0 0 0 0 0 0 0 0 0 0 0 0 0 0 ]
Last = [ 0 0 0 0 0 0 0 0 0 0 0 0 0 0 0 0 0 0 0 0 ]
nS = 6
S = [ 1 0 1 0 0 1 0 0 0 0 1 0 0 1 0 1 0 0 0 0 ]
