n = 20 ; 
T = 48 ; 
Init = [ 0 1 0 0 1 0 0 1 0 0 0 1 1 1 0 0 1 1 0 0 ]
L = [ 8 3 4 8 5 7 2 5 7 7 7 3 8 8 8 9 2 6 10 9 ]
l = [ 8 3 4 8 5 7 2 5 7 7 7 3 8 8 8 9 2 6 10 9 ]
Pmin = [ 85 34 43 86 52 76 19 47 72 77 71 28 89 87 84 95 14 67 98 94 ]
Pmax = [ 85 34 43 86 52 76 19 47 72 77 71 28 89 87 84 95 14 67 98 94 ]
cf = [ 38.3856 28.6519 19.2238 28.9457 12.6649 26.0228 27.6183 31.6328 14.3581 40.5328 38.8351 41.735 46.912 43.9207 47.7051 37.0339 58.0161 9.14052 41.4861 14.7233 ]
c0 = [ 223 94 115 220 153 198 66 125 191 204 200 100 228 235 220 250 51 182 250 250 ]
cp = [ 16.0804 36.4278 33.4328 17.8796 27.0658 10.7169 39.9578 32.7768 21.9287 21.0002 32.3757 39.2855 13.8327 18.3098 12.1831 18.1239 40.9652 20.374 11.5699 13.7777 ]
D = [ 590 578 104 856 245 670 318 657 50 739 261 706 1192 517 1166 1310 915 279 508 1068 980 1174 477 497 628 11 1126 377 55 529 539 645 1107 643 184 34 1313 502 691 45 1241 952 752 1115 150 599 1107 1065 ]
K = 21
nk = [ 0 1 2 3 4 5 6 7 8 9 10 11 12 13 14 15 16 17 18 19 ]
First = [ 0 0 0 0 0 0 0 0 0 0 0 0 0 0 0 0 0 0 0 0 ]
Last = [ 0 0 0 0 0 0 0 0 0 0 0 0 0 0 0 0 0 0 0 0 ]
nS = 7
S = [ 1 1 0 0 0 0 1 0 0 0 0 0 1 0 0 0 1 1 1 0 ]
