n = 20 ; 
T = 48 ; 
Init = [ 0 1 0 0 1 0 0 0 1 0 0 1 1 0 1 0 0 0 1 0 ]
L = [ 9 9 2 5 5 9 5 5 6 5 8 9 3 6 5 6 3 4 5 3 ]
l = [ 9 9 2 5 5 9 5 5 6 5 8 9 3 6 5 6 3 4 5 3 ]
Pmin = [ 100 93 23 56 63 100 50 53 65 53 81 99 21 57 58 70 32 37 48 26 ]
Pmax = [ 100 93 23 56 63 100 50 53 65 53 81 99 21 57 58 70 32 37 48 26 ]
cf = [ 46.6072 50.243 13.6235 7.29129 69.3063 11.5412 29.1194 56.8554 20.1685 40.4182 38.2696 46.1995 10.8274 58.4722 28.2053 23.6362 64.6715 63.2337 21.7694 39.8154 ]
c0 = [ 250 246 74 161 165 250 142 159 179 156 214 249 62 168 168 194 102 121 129 85 ]
cp = [ 11.1162 15.1527 40.0526 25.7237 23.2072 15.5658 25.4819 31.5028 24.2009 17.0981 22.9216 16.6362 40.5033 22.4757 33.3794 26.1492 31.6934 31.2008 31.0935 40.3101 ]
D = [ 327 389 435 503 578 637 665 742 822 845 921 1005 1042 943 851 802 702 616 679 801 879 741 601 480 313 377 399 455 506 584 654 705 751 790 861 918 974 897 807 776 696 645 715 796 917 730 604 453 ]
K = 21
nk = [ 0 1 2 3 4 5 6 7 8 9 10 11 12 13 14 15 16 17 18 19 ]
First = [ 0 0 0 0 0 0 0 0 0 0 0 0 0 0 0 0 0 0 0 0 ]
Last = [ 0 0 0 0 0 0 0 0 0 0 0 0 0 0 0 0 0 0 0 0 ]
nS = 4
S = [ 1 0 0 0 0 0 1 0 0 0 1 0 0 0 0 0 1 0 0 0 ]
