n = 20 ; 
T = 48 ; 
Init = [ 1 0 1 1 0 0 0 0 0 1 0 0 1 0 0 0 0 1 0 0 ]
L = [ 10 5 7 9 4 7 5 3 5 6 9 5 3 5 7 3 5 3 8 8 ]
l = [ 10 5 7 9 4 7 5 3 5 6 9 5 3 5 7 3 5 3 8 8 ]
Pmin = [ 100 48 88 100 41 77 45 30 45 71 99 48 26 57 78 27 52 35 84 93 ]
Pmax = [ 100 48 88 100 41 77 45 30 45 71 99 48 26 57 78 27 52 35 84 93 ]
cf = [ 37.8346 36.1125 40.7234 8.90092 23.6449 26.3574 59.3923 56.2787 36.4028 69.8334 40.2004 44.7567 67.8426 57.3153 30.4994 41.0697 41.1813 53.7342 18.5194 22.0014 ]
c0 = [ 250 147 227 250 120 210 127 98 134 186 250 140 85 156 208 83 151 111 225 238 ]
cp = [ 12.1452 31.9887 20.5206 16.3827 31.2797 13.6626 25.6738 37.4167 18.5713 19.5244 12.1386 32.6401 38.0695 26.0636 25.8275 38.2575 25.5498 28.2941 21.9467 12.0842 ]
D = [ 11 670 1077 766 1112 376 1166 787 21 711 1104 630 42 526 668 371 908 458 100 245 455 755 991 412 505 211 1085 1180 1133 68 232 1144 738 64 666 606 440 589 149 461 56 9 1091 97 536 515 468 200 ]
K = 21
nk = [ 0 1 2 3 4 5 6 7 8 9 10 11 12 13 14 15 16 17 18 19 ]
First = [ 0 0 0 0 0 0 0 0 0 0 0 0 0 0 0 0 0 0 0 0 ]
Last = [ 0 0 0 0 0 0 0 0 0 0 0 0 0 0 0 0 0 0 0 0 ]
nS = 7
S = [ 1 0 0 0 1 0 0 0 0 1 1 0 0 1 1 0 0 1 0 0 ]
