n = 20 ; 
T = 48 ; 
Init = [ 1 1 0 1 1 0 1 1 1 1 0 0 0 0 1 1 1 1 0 0 ]
L = [ 8 8 8 9 8 3 4 5 5 6 6 8 4 5 10 4 8 3 9 7 ]
l = [ 8 8 8 9 8 3 4 5 5 6 6 8 4 5 10 4 8 3 9 7 ]
Pmin = [ 86 94 87 92 83 20 47 47 40 74 62 95 42 45 98 46 85 28 97 82 ]
Pmax = [ 86 94 87 92 83 20 47 47 40 74 62 95 42 45 98 46 85 28 97 82 ]
cf = [ 8.96861 30.3004 67.496 39.4093 35.4149 69.4433 38.773 55.351 57.716 69.6512 16.5401 43.0387 13.1801 27.9283 20.7538 33.7505 55.1149 50.7212 64.3514 25.4026 ]
c0 = [ 233 239 223 244 217 69 133 133 118 196 169 250 113 135 250 123 217 85 250 209 ]
cp = [ 16.4102 12.0788 17.4194 12.9673 18.7282 41.3659 30.0945 28.5185 30.2978 31.1224 30.3713 12.5475 34.6923 31.9541 11.4004 30.7365 13.9247 36.49 12.5387 19.0123 ]
D = [ 67 426 65 175 177 614 336 368 1121 1155 562 1163 305 508 507 913 496 1188 600 233 1181 804 1005 1313 1252 1300 536 933 887 415 1328 953 841 43 1128 1018 657 114 36 428 1269 597 240 224 1105 748 1137 251 ]
K = 21
nk = [ 0 1 2 3 4 5 6 7 8 9 10 11 12 13 14 15 16 17 18 19 ]
First = [ 0 0 0 0 0 0 0 0 0 0 0 0 0 0 0 0 0 0 0 0 ]
Last = [ 0 0 0 0 0 0 0 0 0 0 0 0 0 0 0 0 0 0 0 0 ]
nS = 5
S = [ 1 1 0 0 0 1 0 0 0 0 0 1 0 0 0 0 0 1 0 0 ]
