n = 20 ; 
T = 48 ; 
Init = [ 0 0 0 1 1 1 0 0 0 0 0 0 1 1 1 0 1 0 0 1 ]
L = [ 8 2 7 9 9 5 10 3 6 3 6 6 7 9 7 3 3 7 3 3 ]
l = [ 8 2 7 9 9 5 10 3 6 3 6 6 7 9 7 3 3 7 3 3 ]
Pmin = [ 89 22 80 99 90 56 100 21 69 32 70 59 74 95 75 35 21 74 21 26 ]
Pmax = [ 89 22 80 99 90 56 100 21 69 32 70 59 74 95 75 35 21 74 21 26 ]
cf = [ 52.8746 32.9114 10.3748 33.2143 69.9748 29.3594 29.8288 33.2413 57.6078 39.9154 54.6594 68.4853 45.5953 25.4301 56.66 55.386 42.0817 41.9511 7.4025 20.1824 ]
c0 = [ 228 65 215 250 230 150 250 66 190 95 197 169 192 250 208 107 71 200 63 81 ]
cp = [ 20.2821 41.3726 17.4618 12.8296 12.7631 23.2632 10.6575 35.8716 27.1307 34.4924 31.2769 15.8782 30.8364 11.2972 22.3841 39.2554 36.1127 20.6601 40.7402 40.1766 ]
D = [ 1103 1042 40 173 641 1028 905 1151 487 973 369 159 261 434 662 261 863 1099 764 625 522 470 596 54 823 340 982 288 1011 990 541 906 824 581 1078 258 401 775 201 888 539 570 1047 801 1005 501 1062 659 ]
K = 21
nk = [ 0 1 2 3 4 5 6 7 8 9 10 11 12 13 14 15 16 17 18 19 ]
First = [ 0 0 0 0 0 0 0 0 0 0 0 0 0 0 0 0 0 0 0 0 ]
Last = [ 0 0 0 0 0 0 0 0 0 0 0 0 0 0 0 0 0 0 0 0 ]
nS = 6
S = [ 1 0 1 0 1 0 1 0 0 0 0 0 1 0 0 0 0 1 0 0 ]
