n = 20 ; 
T = 48 ; 
Init = [ 0 0 1 0 0 1 1 0 0 1 1 1 1 1 1 1 1 0 1 1 ]
L = [ 6 6 4 9 3 3 9 5 8 2 3 2 7 9 4 4 3 5 7 9 ]
l = [ 6 6 4 9 3 3 9 5 8 2 3 2 7 9 4 4 3 5 7 9 ]
Pmin = [ 64 63 34 100 17 36 87 61 91 19 28 15 78 97 35 38 25 63 70 100 ]
Pmax = [ 64 63 34 100 17 36 87 61 91 19 28 15 78 97 35 38 25 63 70 100 ]
cf = [ 68.029 48.4957 17.4957 35.6714 11.2878 57.3876 67.0712 23.8078 43.2709 21.3417 65.517 21.0555 40.6551 12.7345 21.3983 42.7231 29.3544 40.7584 49.9501 45.3147 ]
c0 = [ 178 169 95 250 53 102 226 160 233 68 89 57 209 250 111 121 78 181 197 250 ]
cp = [ 29.5619 28.7696 31.7373 15.9239 32.9995 35.282 8.98652 21.8232 14.5649 40.5654 24.5405 40.6729 18.517 15.1176 35.2567 32.0127 35.0975 31.5031 25.9259 11.8119 ]
D = [ 242 287 341 421 463 526 603 676 717 762 818 892 944 868 811 702 613 524 673 763 879 719 566 411 230 278 331 426 467 539 569 657 700 742 810 881 918 862 788 697 623 523 642 733 838 716 592 439 ]
K = 21
nk = [ 0 1 2 3 4 5 6 7 8 9 10 11 12 13 14 15 16 17 18 19 ]
First = [ 0 0 0 0 0 0 0 0 0 0 0 0 0 0 0 0 0 0 0 0 ]
Last = [ 0 0 0 0 0 0 0 0 0 0 0 0 0 0 0 0 0 0 0 0 ]
nS = 7
S = [ 1 1 0 0 0 1 0 1 0 1 0 1 0 0 0 0 0 1 0 0 ]
