n = 20 ; 
T = 48 ; 
Init = [ 0 1 1 1 0 0 0 0 0 0 0 0 1 0 0 1 0 1 1 0 ]
L = [ 6 10 6 8 7 8 10 2 3 7 10 7 8 7 2 7 6 7 5 4 ]
l = [ 6 10 6 8 7 8 10 2 3 7 10 7 8 7 2 7 6 7 5 4 ]
Pmin = [ 64 100 59 86 72 78 100 17 32 81 100 81 92 68 12 71 59 76 49 42 ]
Pmax = [ 64 100 59 86 72 78 100 17 32 81 100 81 92 68 12 71 59 76 49 42 ]
cf = [ 10.8173 23.0422 36.2434 8.0704 30.6396 59.6713 23.8292 8.8527 37.2058 67.6887 19.6292 52.8702 24.0744 26.0294 42.3036 17.4605 35.3743 49.779 38.5361 62.7878 ]
c0 = [ 169 250 153 235 202 202 250 58 97 218 250 206 250 191 40 201 170 196 133 117 ]
cp = [ 28.2726 9.6217 25.4373 14.4112 15.6791 12.5871 10.6284 41.7478 40.4604 24.6417 13.9549 20.3938 19.5618 26.7432 41.455 18.1616 20.8633 21.9169 25.1414 30.146 ]
D = [ 328 345 429 482 556 641 683 768 810 882 986 1053 1094 1040 931 853 757 677 814 907 1027 882 728 546 414 471 526 593 615 710 732 825 844 938 1007 1032 1110 1041 955 865 767 683 827 925 1014 858 683 549 ]
K = 21
nk = [ 0 1 2 3 4 5 6 7 8 9 10 11 12 13 14 15 16 17 18 19 ]
First = [ 0 0 0 0 0 0 0 0 0 0 0 0 0 0 0 0 0 0 0 0 ]
Last = [ 0 0 0 0 0 0 0 0 0 0 0 0 0 0 0 0 0 0 0 0 ]
nS = 4
S = [ 1 0 0 0 0 0 1 0 0 0 0 1 0 0 0 0 0 1 0 0 ]
