n = 20 ; 
T = 48 ; 
Init = [ 1 0 0 0 1 0 0 0 0 0 1 0 1 1 0 1 1 0 0 0 ]
L = [ 9 4 3 5 7 7 8 7 7 7 9 3 9 8 8 5 2 3 7 6 ]
l = [ 9 4 3 5 7 7 8 7 7 7 9 3 9 8 8 5 2 3 7 6 ]
Pmin = [ 99 37 32 53 72 77 94 68 80 68 100 30 93 81 97 61 16 36 73 63 ]
Pmax = [ 99 37 32 53 72 77 94 68 80 68 100 30 93 81 97 61 16 36 73 63 ]
cf = [ 18.8417 11.2948 53.1559 55.9727 39.3763 51.8356 38.4452 43.7509 47.0523 11.1418 65.2457 17.4173 39.1745 29.1534 54.1846 42.4671 55.2183 25.3766 22.2086 51.541 ]
c0 = [ 250 109 96 150 185 205 248 189 224 181 250 103 249 224 250 165 52 99 194 181 ]
cp = [ 15.8924 30.4114 40.6327 31.8407 13.9945 20.7224 12.882 23.0424 17.0498 27.557 11.6771 38.2202 15.3411 22.5235 10.4968 22.026 40.8062 34.4937 16.2228 18.6371 ]
D = [ 853 977 880 491 771 1297 1007 935 72 260 866 322 351 510 26 1035 127 689 480 972 777 380 1192 126 848 858 875 536 1246 1196 146 769 843 1027 1260 283 993 937 1218 1065 1198 754 57 219 1264 82 1253 61 ]
K = 21
nk = [ 0 1 2 3 4 5 6 7 8 9 10 11 12 13 14 15 16 17 18 19 ]
First = [ 0 0 0 0 0 0 0 0 0 0 0 0 0 0 0 0 0 0 0 0 ]
Last = [ 0 0 0 0 0 0 0 0 0 0 0 0 0 0 0 0 0 0 0 0 ]
nS = 6
S = [ 1 0 1 0 0 0 1 0 0 0 0 1 0 0 0 0 0 1 0 1 ]
