n = 15 ; 
T = 24 ; 
Init = [ 1 1 1 1 1 1 0 1 1 1 1 1 1 1 0 ]
L = [ 4 4 4 4 4 6 9 8 8 4 4 6 6 4 8 ]
l = [ 4 4 4 4 4 6 9 8 8 4 4 6 6 4 8 ]
Pmin = [ 43 43 34 34 34 60 98 90 90 38 38 58 58 41 92 ]
Pmax = [ 43 43 34 34 34 60 98 90 90 38 38 58 58 41 92 ]
cf = [ 66.3215 66.3215 15.7388 15.7388 15.7388 64.0538 11.613 24.7714 24.7714 54.5687 54.5687 49.616 49.616 67.3845 58.8146 ]
c0 = [ 129 129 101 101 101 168 245 243 243 110 110 158 158 127 232 ]
cp = [ 25.5524 25.5524 36.4295 36.4295 36.4295 20.1646 10.5447 15.0652 15.0652 27.4821 27.4821 22.3562 22.3562 25.7737 19.9926 ]
D = [ 211 245 291 327 367 421 437 498 523 552 611 642 678 633 574 522 459 397 478 534 616 539 445 348 ]
K = 9
nk = [ 1 1 2 2 2 3 4 5 5 6 6 7 7 8 9 ]
First = [ 1 0 1 0 0 1 1 1 0 1 0 1 0 1 1 ]
Last = [ 0 1 0 0 1 1 1 0 1 0 1 0 1 1 1 ]
nS = 9
S = [ 1 0 1 0 0 1 1 1 0 1 0 1 0 1 1 ]
