n = 15 ; 
T = 24 ; 
Init = [ 1 1 1 0 1 1 1 1 1 1 1 1 1 0 1 ]
L = [ 3 3 3 7 9 3 8 7 7 7 9 9 9 6 8 ]
l = [ 3 3 3 7 9 3 8 7 7 7 9 9 9 6 8 ]
Pmin = [ 29 29 29 83 99 27 83 73 73 73 94 94 94 60 89 ]
Pmax = [ 29 29 29 83 99 27 83 73 73 73 94 94 94 60 89 ]
cf = [ 51.9591 51.9591 51.9591 41.6136 34.0555 19.6932 50.8248 14.3285 14.3285 14.3285 12.6851 12.6851 12.6851 13.2703 17.6061 ]
c0 = [ 92 92 92 217 250 88 221 194 194 194 250 250 250 166 231 ]
cp = [ 35.3481 35.3481 35.3481 17.725 20.586 30.4709 24.1377 21.0688 21.0688 21.0688 10.2052 10.2052 10.2052 23.0591 19.5107 ]
D = [ 230 303 338 404 468 510 564 596 652 680 738 790 853 783 703 622 570 489 577 697 768 665 510 408 ]
K = 9
nk = [ 1 1 1 2 3 4 5 6 6 6 7 7 7 8 9 ]
First = [ 1 0 0 1 1 1 1 1 0 0 1 0 0 1 1 ]
Last = [ 0 0 1 1 1 1 1 0 0 1 0 0 1 1 1 ]
nS = 9
S = [ 1 0 0 1 1 1 1 1 0 0 1 0 0 1 1 ]
