n = 15 ; 
T = 24 ; 
Init = [ 0 1 1 1 1 0 0 0 0 0 1 1 0 0 1 ]
L = [ 9 3 3 3 9 5 5 8 8 8 9 9 4 4 10 ]
l = [ 9 3 3 3 9 5 5 8 8 8 9 9 4 4 10 ]
Pmin = [ 100 22 22 22 100 57 57 89 85 85 100 100 49 49 100 ]
Pmax = [ 100 22 22 22 100 57 57 89 85 85 100 100 49 49 100 ]
cf = [ 69.9892 22.1393 22.1393 22.1393 23.5343 45.1172 45.1172 62.9864 69.5961 69.5961 11.93 11.93 40.1141 40.1141 55.6505 ]
c0 = [ 250 69 69 69 250 156 156 244 214 214 250 250 147 147 250 ]
cp = [ 11.7202 39.0658 39.0658 39.0658 11.8491 28.5452 28.5452 14.49 16.7636 16.7636 15.3785 15.3785 36.7948 36.7948 9.28141 ]
D = [ 304 326 410 432 494 513 582 630 647 680 746 779 822 777 711 613 573 469 594 686 768 666 537 390 ]
K = 9
nk = [ 1 2 2 2 3 4 4 5 6 6 7 7 8 8 9 ]
First = [ 1 1 0 0 1 1 0 1 1 0 1 0 1 0 1 ]
Last = [ 1 0 0 1 1 0 1 1 0 1 0 1 0 1 1 ]
nS = 9
S = [ 1 1 0 0 1 1 0 1 1 0 1 0 1 0 1 ]
