n = 15 ; 
T = 24 ; 
Init = [ 0 0 0 1 1 1 1 1 1 1 1 1 0 0 0 ]
L = [ 2 2 2 10 9 9 9 8 8 6 6 6 4 6 6 ]
l = [ 2 2 2 10 9 9 9 8 8 6 6 6 4 6 6 ]
Pmin = [ 16 16 16 98 100 100 100 84 84 64 64 64 42 67 67 ]
Pmax = [ 16 16 16 98 100 100 100 84 84 64 64 64 42 67 67 ]
cf = [ 17.2117 17.2117 17.2117 27.7965 62.907 62.907 62.907 62.8673 62.8673 66.9873 66.9873 66.9873 42.4772 25.3364 25.3364 ]
c0 = [ 55 55 55 250 250 250 250 214 214 179 179 179 130 173 173 ]
cp = [ 41.7707 41.7707 41.7707 10.0479 11.7706 11.7706 11.7706 11.1213 11.1213 26.8826 26.8826 26.8826 33.6664 27.3618 27.3618 ]
D = [ 240 279 323 399 452 492 555 580 640 677 730 801 845 752 696 615 546 479 537 646 702 587 444 337 ]
K = 7
nk = [ 1 1 1 2 3 3 3 4 4 5 5 5 6 7 7 ]
First = [ 1 0 0 1 1 0 0 1 0 1 0 0 1 1 0 ]
Last = [ 0 0 1 1 0 0 1 0 1 0 0 1 1 0 1 ]
nS = 7
S = [ 1 0 0 1 1 0 0 1 0 1 0 0 1 1 0 ]
