n = 15 ; 
T = 24 ; 
Init = [ 0 0 1 1 1 1 1 1 1 0 0 0 0 1 1 ]
L = [ 6 6 4 3 3 3 9 9 9 2 9 9 9 6 6 ]
l = [ 6 6 4 3 3 3 9 9 9 2 9 9 9 6 6 ]
Pmin = [ 65 65 47 20 20 20 93 93 93 27 95 95 95 64 64 ]
Pmax = [ 65 65 47 20 20 20 93 93 93 27 95 95 95 64 64 ]
cf = [ 52.769 52.769 40.6219 24.1459 24.1459 24.1459 56.8268 56.8268 56.8268 52.4058 18.2079 18.2079 18.2079 25.4607 25.4607 ]
c0 = [ 188 188 132 78 78 78 243 243 243 94 250 250 250 165 165 ]
cp = [ 20.7571 20.7571 33.9819 38.4518 38.4518 38.4518 10.362 10.362 10.362 38.7788 14.6055 14.6055 14.6055 25.4431 25.4431 ]
D = [ 272 291 335 414 454 476 558 605 617 666 738 787 829 775 690 614 539 497 530 629 670 568 422 331 ]
K = 7
nk = [ 1 1 2 3 3 3 4 4 4 5 6 6 6 7 7 ]
First = [ 1 0 1 1 0 0 1 0 0 1 1 0 0 1 0 ]
Last = [ 0 1 1 0 0 1 0 0 1 1 0 0 1 0 1 ]
nS = 7
S = [ 1 0 1 1 0 0 1 0 0 1 1 0 0 1 0 ]
