n = 15 ; 
T = 24 ; 
Init = [ 1 1 0 0 0 0 0 1 1 1 1 1 1 1 0 ]
L = [ 6 6 4 4 4 4 4 4 4 4 6 6 6 9 9 ]
l = [ 6 6 4 4 4 4 4 4 4 4 6 6 6 9 9 ]
Pmin = [ 66 66 38 38 42 42 42 50 50 50 61 61 61 90 100 ]
Pmax = [ 66 66 38 38 42 42 42 50 50 50 61 61 61 90 100 ]
cf = [ 66.2205 66.2205 63.2378 63.2378 41.9434 41.9434 41.9434 53.8471 53.8471 53.8471 54.6956 54.6956 54.6956 60.2378 16.8991 ]
c0 = [ 188 188 120 120 116 116 116 147 147 147 175 175 175 231 250 ]
cp = [ 25.9313 25.9313 28.7896 28.7896 39.1772 39.1772 39.1772 38.9086 38.9086 38.9086 27.4682 27.4682 27.4682 16.1086 21.1194 ]
D = [ 217 271 286 343 378 419 490 530 552 629 660 718 759 670 626 559 507 439 489 570 613 513 430 324 ]
K = 7
nk = [ 1 1 2 2 3 3 3 4 4 4 5 5 5 6 7 ]
First = [ 1 0 1 0 1 0 0 1 0 0 1 0 0 1 1 ]
Last = [ 0 1 0 1 0 0 1 0 0 1 0 0 1 1 1 ]
nS = 7
S = [ 1 0 1 0 1 0 0 1 0 0 1 0 0 1 1 ]
