n = 15 ; 
T = 24 ; 
Init = [ 0 0 1 0 0 0 0 1 1 1 1 1 1 1 0 ]
L = [ 4 4 3 10 10 10 9 7 4 4 4 2 2 2 5 ]
l = [ 4 4 3 10 10 10 9 7 4 4 4 2 2 2 5 ]
Pmin = [ 35 35 25 100 100 100 98 74 45 45 45 14 14 14 64 ]
Pmax = [ 35 35 25 100 100 100 98 74 45 45 45 14 14 14 64 ]
cf = [ 47.5628 47.5628 12.3813 26.4144 26.4144 26.4144 23.0727 69.5371 34.9042 34.9042 34.9042 69.5763 69.5763 69.5763 11.4257 ]
c0 = [ 97 97 90 250 250 250 250 210 120 120 120 46 46 46 170 ]
cp = [ 34.9451 34.9451 39.9202 10.3358 10.3358 10.3358 14.208 27.0371 38.4466 38.4466 38.4466 38.8533 38.8533 38.8533 25.3328 ]
D = [ 193 237 273 325 358 394 440 471 519 569 589 629 693 628 575 539 489 421 492 519 590 492 398 281 ]
K = 8
nk = [ 1 1 2 3 3 3 4 5 6 6 6 7 7 7 8 ]
First = [ 1 0 1 1 0 0 1 1 1 0 0 1 0 0 1 ]
Last = [ 0 1 1 0 0 1 1 1 0 0 1 0 0 1 1 ]
nS = 8
S = [ 1 0 1 1 0 0 1 1 1 0 0 1 0 0 1 ]
