n = 15 ; 
T = 24 ; 
Init = [ 1 1 0 0 0 0 0 0 1 0 0 0 1 1 0 ]
L = [ 4 4 6 6 6 4 4 4 8 3 3 3 5 4 3 ]
l = [ 4 4 6 6 6 4 4 4 8 3 3 3 5 4 3 ]
Pmin = [ 41 41 63 63 63 46 46 46 79 26 26 26 58 42 22 ]
Pmax = [ 41 41 63 63 63 46 46 46 79 26 26 26 58 42 22 ]
cf = [ 55.4138 55.4138 46.8955 46.8955 46.8955 42.8929 42.8929 42.8929 50.3867 57.5098 57.5098 57.5098 9.43228 49.4359 48.6303 ]
c0 = [ 117 117 171 171 171 126 126 126 221 91 91 91 166 119 77 ]
cp = [ 24.6785 24.6785 29.4012 29.4012 29.4012 32.5651 32.5651 32.5651 18.3954 40.7842 40.7842 40.7842 30.7093 30.2226 39.0052 ]
D = [ 203 241 251 280 333 354 383 409 439 463 488 522 570 524 492 446 406 365 417 493 532 449 367 274 ]
K = 8
nk = [ 1 1 2 2 2 3 3 3 4 5 5 5 6 7 8 ]
First = [ 1 0 1 0 0 1 0 0 1 1 0 0 1 1 1 ]
Last = [ 0 1 0 0 1 0 0 1 1 0 0 1 1 1 1 ]
nS = 8
S = [ 1 0 1 0 0 1 0 0 1 1 0 0 1 1 1 ]
