n = 15 ; 
T = 24 ; 
Init = [ 0 0 0 0 1 1 1 1 1 1 1 1 1 0 0 ]
L = [ 6 6 2 2 9 9 2 2 2 8 8 8 2 5 5 ]
l = [ 6 6 2 2 9 9 2 2 2 8 8 8 2 5 5 ]
Pmin = [ 64 64 20 20 87 87 17 17 17 86 86 86 11 58 58 ]
Pmax = [ 64 64 20 20 87 87 17 17 17 86 86 86 11 58 58 ]
cf = [ 28.0807 28.0807 44.4277 44.4277 48.2372 48.2372 45.6123 45.6123 45.6123 48.9575 48.9575 48.9575 28.4128 56.2814 56.2814 ]
c0 = [ 167 167 63 63 229 229 59 59 59 237 237 237 58 158 158 ]
cp = [ 23.732 23.732 41.3045 41.3045 16.6038 16.6038 41.441 41.441 41.441 16.9189 16.9189 16.9189 38.6221 32.1321 32.1321 ]
D = [ 216 242 272 310 358 387 441 461 502 535 578 619 629 586 539 494 440 376 450 532 590 485 396 290 ]
K = 7
nk = [ 1 1 2 2 3 3 4 4 4 5 5 5 6 7 7 ]
First = [ 1 0 1 0 1 0 1 0 0 1 0 0 1 1 0 ]
Last = [ 0 1 0 1 0 1 0 0 1 0 0 1 1 0 1 ]
nS = 7
S = [ 1 0 1 0 1 0 1 0 0 1 0 0 1 1 0 ]
