n = 15 ; 
T = 24 ; 
Init = [ 0 0 0 0 0 0 0 0 0 0 1 1 0 0 0 ]
L = [ 4 4 4 6 4 4 6 6 6 6 9 9 3 3 3 ]
l = [ 4 4 4 6 4 4 6 6 6 6 9 9 3 3 3 ]
Pmin = [ 40 40 35 68 43 43 57 66 66 66 97 97 37 37 37 ]
Pmax = [ 40 40 35 68 43 43 57 66 66 66 97 97 37 37 37 ]
cf = [ 33.5244 33.5244 25.2804 63.8794 50.9064 50.9064 45.3248 33.1898 33.1898 33.1898 31.3013 31.3013 62.1749 62.1749 62.1749 ]
c0 = [ 121 121 102 196 119 119 169 171 171 171 247 247 107 107 107 ]
cp = [ 34.0843 34.0843 39.4608 19.7238 34.5319 34.5319 25.7081 28.3706 28.3706 28.3706 15.8383 15.8383 40.3812 40.3812 40.3812 ]
D = [ 199 258 303 333 381 429 451 493 543 590 641 681 724 660 590 527 456 418 475 553 623 507 399 302 ]
K = 8
nk = [ 1 1 2 3 4 4 5 6 6 6 7 7 8 8 8 ]
First = [ 1 0 1 1 1 0 1 1 0 0 1 0 1 0 0 ]
Last = [ 0 1 1 1 0 1 1 0 0 1 0 1 0 0 1 ]
nS = 8
S = [ 1 0 1 1 1 0 1 1 0 0 1 0 1 0 0 ]
