n = 15 ; 
T = 24 ; 
Init = [ 0 0 1 1 1 1 1 1 0 0 0 0 0 0 0 ]
L = [ 8 9 3 6 10 10 10 3 8 8 8 9 5 5 5 ]
l = [ 8 9 3 6 10 10 10 3 8 8 8 9 5 5 5 ]
Pmin = [ 89 90 25 68 100 100 100 33 81 81 81 99 44 44 44 ]
Pmax = [ 89 90 25 68 100 100 100 33 81 81 81 99 44 44 44 ]
cf = [ 53.6565 47.1455 50.6848 63.5591 59.3063 59.3063 26.5129 10.3551 38.8322 38.8322 38.8322 40.9512 16.6487 16.6487 16.6487 ]
c0 = [ 224 240 90 180 250 250 250 110 224 224 224 250 130 130 130 ]
cp = [ 14.204 14.133 29.7753 24.5545 10.4591 10.4591 8.32559 31.421 20.1731 20.1731 20.1731 12.8172 39.8676 39.8676 39.8676 ]
D = [ 264 339 358 416 495 541 597 631 714 740 795 861 926 819 773 713 626 569 624 721 786 676 533 426 ]
K = 10
nk = [ 1 2 3 4 5 5 6 7 8 8 8 9 10 10 10 ]
First = [ 1 1 1 1 1 0 1 1 1 0 0 1 1 0 0 ]
Last = [ 1 1 1 1 0 1 1 1 0 0 1 1 0 0 1 ]
nS = 10
S = [ 1 1 1 1 1 0 1 1 1 0 0 1 1 0 0 ]
