n = 15 ; 
T = 24 ; 
Init = [ 0 0 0 1 1 1 1 0 0 1 1 1 1 0 0 ]
L = [ 7 7 7 9 9 9 8 4 3 7 7 3 3 4 4 ]
l = [ 7 7 7 9 9 9 8 4 3 7 7 3 3 4 4 ]
Pmin = [ 70 70 70 100 100 100 78 38 22 69 69 26 26 37 37 ]
Pmax = [ 70 70 70 100 100 100 78 38 22 69 69 26 26 37 37 ]
cf = [ 62.1265 62.1265 62.1265 35.7346 35.7346 35.7346 56.6489 20.4266 35.9244 58.415 58.415 36.6989 36.6989 21.6717 21.6717 ]
c0 = [ 200 200 200 250 250 250 214 103 81 178 178 80 80 102 102 ]
cp = [ 19.7554 19.7554 19.7554 15.7771 15.7771 15.7771 23.0784 29.5094 40.0786 17.8406 17.8406 40.4405 40.4405 31.8923 31.8923 ]
D = [ 230 261 326 364 402 455 492 512 562 630 672 688 741 693 623 583 511 465 516 616 687 576 486 371 ]
K = 8
nk = [ 1 1 1 2 2 2 3 4 5 6 6 7 7 8 8 ]
First = [ 1 0 0 1 0 0 1 1 1 1 0 1 0 1 0 ]
Last = [ 0 0 1 0 0 1 1 1 1 0 1 0 1 0 1 ]
nS = 8
S = [ 1 0 0 1 0 0 1 1 1 1 0 1 0 1 0 ]
