n = 15 ; 
T = 24 ; 
Init = [ 0 0 0 0 0 0 0 0 0 1 1 0 0 0 1 ]
L = [ 10 5 5 5 8 8 2 4 4 5 5 3 3 3 7 ]
l = [ 10 5 5 5 8 8 2 4 4 5 5 3 3 3 7 ]
Pmin = [ 100 47 47 47 85 85 12 41 41 52 52 18 18 18 68 ]
Pmax = [ 100 47 47 47 85 85 12 41 41 52 52 18 18 18 68 ]
cf = [ 44.3067 69.2479 69.2479 69.2479 18.279 18.279 64.9163 19.9613 19.9613 67.3458 67.3458 10.5646 10.5646 10.5646 34.1779 ]
c0 = [ 250 143 143 143 224 224 46 130 130 156 156 60 60 60 195 ]
cp = [ 9.93475 25.5494 25.5494 25.5494 25.3052 25.3052 38.3154 35.5271 35.5271 30.4076 30.4076 40.5332 40.5332 40.5332 22.1072 ]
D = [ 146 196 239 263 306 349 397 444 471 519 565 578 638 564 532 474 393 335 409 466 527 436 369 261 ]
K = 8
nk = [ 1 2 2 2 3 3 4 5 5 6 6 7 7 7 8 ]
First = [ 1 1 0 0 1 0 1 1 0 1 0 1 0 0 1 ]
Last = [ 1 0 0 1 0 1 1 0 1 0 1 0 0 1 1 ]
nS = 8
S = [ 1 1 0 0 1 0 1 1 0 1 0 1 0 0 1 ]
