n = 20 ; 
T = 24 ; 
Init = [ 0 0 0 0 1 1 1 1 1 0 0 0 0 0 1 1 1 1 1 0 ]
L = [ 9 9 9 9 9 9 9 9 9 3 3 3 3 3 3 3 3 3 3 10 ]
l = [ 9 9 9 9 9 9 9 9 9 3 3 3 3 3 3 3 3 3 3 10 ]
Pmin = [ 100 100 100 100 97 97 97 97 97 29 29 29 29 29 23 23 23 23 23 100 ]
Pmax = [ 100 100 100 100 97 97 97 97 97 29 29 29 29 29 23 23 23 23 23 100 ]
cf = [ 31.3515 31.3515 31.3515 31.3515 48.5808 48.5808 48.5808 48.5808 48.5808 14.0444 14.0444 14.0444 14.0444 14.0444 53.8864 53.8864 53.8864 53.8864 53.8864 18.9943 ]
c0 = [ 250 250 250 250 250 250 250 250 250 97 97 97 97 97 72 72 72 72 72 250 ]
cp = [ 13.9186 13.9186 13.9186 13.9186 15.4594 15.4594 15.4594 15.4594 15.4594 29.6629 29.6629 29.6629 29.6629 29.6629 39.7343 39.7343 39.7343 39.7343 39.7343 10.1811 ]
D = [ 293 340 444 500 566 635 671 750 842 909 961 1041 1095 980 893 811 714 584 700 769 861 721 565 439 ]
K = 5
nk = [ 1 1 1 1 2 2 2 2 2 3 3 3 3 3 4 4 4 4 4 5 ]
First = [ 1 0 0 0 1 0 0 0 0 1 0 0 0 0 1 0 0 0 0 1 ]
Last = [ 0 0 0 1 0 0 0 0 1 0 0 0 0 1 0 0 0 0 1 1 ]
nS = 5
S = [ 1 0 0 0 1 0 0 0 0 1 0 0 0 0 1 0 0 0 0 1 ]
