n = 20 ; 
T = 24 ; 
Init = [ 1 1 1 1 1 1 1 0 0 0 0 0 0 1 1 1 1 0 0 0 ]
L = [ 9 9 9 9 9 9 9 6 6 3 3 3 3 7 7 7 7 9 9 7 ]
l = [ 9 9 9 9 9 9 9 6 6 3 3 3 3 7 7 7 7 9 9 7 ]
Pmin = [ 97 97 97 97 100 100 100 56 56 30 30 30 30 75 75 75 75 100 100 81 ]
Pmax = [ 97 97 97 97 100 100 100 56 56 30 30 30 30 75 75 75 75 100 100 81 ]
cf = [ 36.1136 36.1136 36.1136 36.1136 12.4905 12.4905 12.4905 60.292 60.292 42.0146 42.0146 42.0146 42.0146 15.1278 15.1278 15.1278 15.1278 50.3767 50.3767 21.772 ]
c0 = [ 250 250 250 250 250 250 250 160 160 104 104 104 104 199 199 199 199 250 250 208 ]
cp = [ 12.5965 12.5965 12.5965 12.5965 12.3768 12.3768 12.3768 26.0246 26.0246 36.8201 36.8201 36.8201 36.8201 20.5563 20.5563 20.5563 20.5563 10.1903 10.1903 23.1013 ]
D = [ 287 393 464 592 647 724 809 901 963 1092 1158 1254 1295 1199 1077 1001 878 754 880 1002 1123 949 736 607 ]
K = 7
nk = [ 1 1 1 1 2 2 2 3 3 4 4 4 4 5 5 5 5 6 6 7 ]
First = [ 1 0 0 0 1 0 0 1 0 1 0 0 0 1 0 0 0 1 0 1 ]
Last = [ 0 0 0 1 0 0 1 0 1 0 0 0 1 0 0 0 1 0 1 1 ]
nS = 7
S = [ 1 0 0 0 1 0 0 1 0 1 0 0 0 1 0 0 0 1 0 1 ]
