n = 20 ; 
T = 24 ; 
Init = [ 0 0 0 0 0 0 0 0 0 0 0 0 0 0 0 1 1 1 1 1 ]
L = [ 9 9 9 9 9 9 6 6 6 6 6 6 6 6 6 5 5 5 5 5 ]
l = [ 9 9 9 9 9 9 6 6 6 6 6 6 6 6 6 5 5 5 5 5 ]
Pmin = [ 87 87 87 87 87 87 69 69 69 69 69 69 69 69 69 46 46 46 46 46 ]
Pmax = [ 87 87 87 87 87 87 69 69 69 69 69 69 69 69 69 46 46 46 46 46 ]
cf = [ 39.6475 39.6475 39.6475 39.6475 39.6475 39.6475 57.8653 57.8653 57.8653 57.8653 57.8653 57.8653 57.8653 57.8653 57.8653 68.575 68.575 68.575 68.575 68.575 ]
c0 = [ 221 221 221 221 221 221 185 185 185 185 185 185 185 185 185 125 125 125 125 125 ]
cp = [ 12.7754 12.7754 12.7754 12.7754 12.7754 12.7754 25.7287 25.7287 25.7287 25.7287 25.7287 25.7287 25.7287 25.7287 25.7287 29.7871 29.7871 29.7871 29.7871 29.7871 ]
D = [ 325 379 460 527 633 652 762 830 858 943 1026 1080 1153 1061 962 897 774 686 821 924 1058 841 709 519 ]
K = 3
nk = [ 1 1 1 1 1 1 2 2 2 2 2 2 2 2 2 3 3 3 3 3 ]
First = [ 1 0 0 0 0 0 1 0 0 0 0 0 0 0 0 1 0 0 0 0 ]
Last = [ 0 0 0 0 0 1 0 0 0 0 0 0 0 0 1 0 0 0 0 1 ]
nS = 3
S = [ 1 0 0 0 0 0 1 0 0 0 0 0 0 0 0 1 0 0 0 0 ]
