n = 20 ; 
T = 24 ; 
Init = [ 1 1 1 1 1 1 0 0 0 0 0 0 1 1 1 1 1 1 1 1 ]
L = [ 4 4 4 4 6 6 7 6 6 6 6 8 6 6 3 3 3 8 8 8 ]
l = [ 4 4 4 4 6 6 7 6 6 6 6 8 6 6 3 3 3 8 8 8 ]
Pmin = [ 38 38 46 46 52 52 78 62 62 62 65 85 69 69 32 32 32 90 90 90 ]
Pmax = [ 38 38 46 46 52 52 78 62 62 62 65 85 69 69 32 32 32 90 90 90 ]
cf = [ 57.5811 57.5811 20.3393 20.3393 15.2679 15.2679 15.209 44.6605 44.6605 44.6605 50.7127 55.307 23.647 23.647 63.0367 63.0367 63.0367 55.3335 55.3335 55.3335 ]
c0 = [ 114 114 137 137 139 139 200 168 168 168 182 229 176 176 88 88 88 232 232 232 ]
cp = [ 30.7922 30.7922 32.7181 32.7181 22.2338 22.2338 25.7713 22.6257 22.6257 22.6257 23.7256 15.6253 21.2531 21.2531 41.0566 41.0566 41.0566 13.9371 13.9371 13.9371 ]
D = [ 319 357 399 458 525 565 667 706 742 796 858 946 1003 903 836 750 672 567 680 798 950 781 574 398 ]
K = 10
nk = [ 1 1 2 2 3 3 4 5 5 5 6 7 8 8 9 9 9 10 10 10 ]
First = [ 1 0 1 0 1 0 1 1 0 0 1 1 1 0 1 0 0 1 0 0 ]
Last = [ 0 1 0 1 0 1 1 0 0 1 1 1 0 1 0 0 1 0 0 1 ]
nS = 10
S = [ 1 0 1 0 1 0 1 1 0 0 1 1 1 0 1 0 0 1 0 0 ]
