n = 20 ; 
T = 24 ; 
Init = [ 0 0 0 0 0 0 0 0 0 0 0 0 0 0 0 0 0 1 1 1 ]
L = [ 10 10 4 4 4 4 5 8 8 8 8 7 7 7 2 2 2 7 7 7 ]
l = [ 10 10 4 4 4 4 5 8 8 8 8 7 7 7 2 2 2 7 7 7 ]
Pmin = [ 100 100 36 36 36 36 57 84 84 84 84 64 64 64 15 15 15 73 73 73 ]
Pmax = [ 100 100 36 36 36 36 57 84 84 84 84 64 64 64 15 15 15 73 73 73 ]
cf = [ 53.2455 53.2455 47.1274 47.1274 47.1274 47.1274 51.0382 65.8103 65.8103 65.8103 65.8103 54.3487 54.3487 54.3487 20.318 20.318 20.318 35.1054 35.1054 35.1054 ]
c0 = [ 250 250 107 107 107 107 166 234 234 234 234 169 169 169 51 51 51 197 197 197 ]
cp = [ 11.2663 11.2663 34.8378 34.8378 34.8378 34.8378 16.9747 17.8024 17.8024 17.8024 17.8024 25.367 25.367 25.367 38.9678 38.9678 38.9678 22.6165 22.6165 22.6165 ]
D = [ 278 344 398 463 496 559 637 713 778 820 887 926 1027 936 859 784 662 617 711 819 964 756 609 432 ]
K = 7
nk = [ 1 1 2 2 2 2 3 4 4 4 4 5 5 5 6 6 6 7 7 7 ]
First = [ 1 0 1 0 0 0 1 1 0 0 0 1 0 0 1 0 0 1 0 0 ]
Last = [ 0 1 0 0 0 1 1 0 0 0 1 0 0 1 0 0 1 0 0 1 ]
nS = 7
S = [ 1 0 1 0 0 0 1 1 0 0 0 1 0 0 1 0 0 1 0 0 ]
