n = 20 ; 
T = 24 ; 
Init = [ 1 1 1 1 1 1 1 0 0 0 0 1 1 1 1 1 1 0 0 0 ]
L = [ 10 10 4 4 4 4 4 2 2 2 2 6 6 7 7 7 7 5 7 7 ]
l = [ 10 10 4 4 4 4 4 2 2 2 2 6 6 7 7 7 7 5 7 7 ]
Pmin = [ 100 100 42 33 33 33 33 14 14 14 14 76 76 76 76 76 76 48 75 75 ]
Pmax = [ 100 100 42 33 33 33 33 14 14 14 14 76 76 76 76 76 76 48 75 75 ]
cf = [ 65.0442 65.0442 45.3356 27.8372 27.8372 27.8372 27.8372 41.1989 41.1989 41.1989 41.1989 48.4122 48.4122 40.8182 40.8182 40.8182 40.8182 16.5842 22.1688 22.1688 ]
c0 = [ 250 250 127 99 99 99 99 54 54 54 54 207 207 197 197 197 197 135 208 208 ]
cp = [ 10.3521 10.3521 27.2314 36.4297 36.4297 36.4297 36.4297 41.8902 41.8902 41.8902 41.8902 13.7326 13.7326 14.5057 14.5057 14.5057 14.5057 35.5681 18.7845 18.7845 ]
D = [ 296 321 402 449 494 527 593 624 689 720 756 816 874 801 756 697 605 536 640 695 779 647 509 398 ]
K = 8
nk = [ 1 1 2 3 3 3 3 4 4 4 4 5 5 6 6 6 6 7 8 8 ]
First = [ 1 0 1 1 0 0 0 1 0 0 0 1 0 1 0 0 0 1 1 0 ]
Last = [ 0 1 1 0 0 0 1 0 0 0 1 0 1 0 0 0 1 1 0 1 ]
nS = 8
S = [ 1 0 1 1 0 0 0 1 0 0 0 1 0 1 0 0 0 1 1 0 ]
