n = 20 ; 
T = 24 ; 
Init = [ 0 0 0 0 0 0 0 0 0 0 1 1 1 1 1 1 1 1 1 1 ]
L = [ 5 5 5 5 5 5 6 6 6 6 3 6 6 6 6 9 9 9 9 9 ]
l = [ 5 5 5 5 5 5 6 6 6 6 3 6 6 6 6 9 9 9 9 9 ]
Pmin = [ 59 59 59 59 59 59 64 66 66 64 31 59 59 59 59 100 100 100 100 100 ]
Pmax = [ 59 59 59 59 59 59 64 66 66 64 31 59 59 59 59 100 100 100 100 100 ]
cf = [ 23.4951 23.4951 23.4951 23.4951 23.4951 23.4951 58.9073 22.7284 22.7284 19.4848 26.9439 42.6501 42.6501 42.6501 42.6501 62.5837 62.5837 62.5837 62.5837 62.5837 ]
c0 = [ 165 165 165 165 165 165 166 181 181 165 95 154 154 154 154 250 250 250 250 250 ]
cp = [ 29.2992 29.2992 29.2992 29.2992 29.2992 29.2992 22.6327 23.3084 23.3084 31.1012 37.4661 23.4871 23.4871 23.4871 23.4871 15.2116 15.2116 15.2116 15.2116 15.2116 ]
D = [ 358 410 505 571 638 728 793 835 894 955 1059 1132 1211 1086 1023 902 809 724 805 925 1052 850 663 497 ]
K = 7
nk = [ 1 1 1 1 1 1 2 3 3 4 5 6 6 6 6 7 7 7 7 7 ]
First = [ 1 0 0 0 0 0 1 1 0 1 1 1 0 0 0 1 0 0 0 0 ]
Last = [ 0 0 0 0 0 1 1 0 1 1 1 0 0 0 1 0 0 0 0 1 ]
nS = 7
S = [ 1 0 0 0 0 0 1 1 0 1 1 1 0 0 0 1 0 0 0 0 ]
