n = 20 ; 
T = 24 ; 
Init = [ 0 0 1 1 1 0 0 1 1 1 1 1 0 0 1 1 1 1 0 0 ]
L = [ 7 7 3 3 3 6 6 5 5 5 4 4 2 2 8 3 3 3 3 3 ]
l = [ 7 7 3 3 3 6 6 5 5 5 4 4 2 2 8 3 3 3 3 3 ]
Pmin = [ 74 74 37 37 37 59 59 42 42 42 32 32 16 16 81 30 30 30 31 31 ]
Pmax = [ 74 74 37 37 37 59 59 42 42 42 32 32 16 16 81 30 30 30 31 31 ]
cf = [ 14.3482 14.3482 38.8404 38.8404 38.8404 34.5859 34.5859 38.016 38.016 38.016 24.4779 24.4779 18.4203 18.4203 14.9896 12.5012 12.5012 12.5012 28.506 28.506 ]
c0 = [ 203 203 121 121 121 162 162 130 130 130 89 89 63 63 218 86 86 86 103 103 ]
cp = [ 21.4801 21.4801 31.5303 31.5303 31.5303 22.557 22.557 28.9276 28.9276 28.9276 34.771 34.771 39.6964 39.6964 17.9373 39.1586 39.1586 39.1586 39.7507 39.7507 ]
D = [ 230 268 292 328 393 415 455 499 552 594 630 681 720 658 586 522 489 413 475 542 595 516 433 341 ]
K = 9
nk = [ 1 1 2 2 2 3 3 4 4 4 5 5 6 6 7 8 8 8 9 9 ]
First = [ 1 0 1 0 0 1 0 1 0 0 1 0 1 0 1 1 0 0 1 0 ]
Last = [ 0 1 0 0 1 0 1 0 0 1 0 1 0 1 1 0 0 1 0 1 ]
nS = 9
S = [ 1 0 1 0 0 1 0 1 0 0 1 0 1 0 1 1 0 0 1 0 ]
