n = 20 ; 
T = 24 ; 
Init = [ 1 1 1 1 0 0 0 0 0 0 0 0 0 0 0 0 1 1 0 0 ]
L = [ 6 6 6 6 9 9 9 9 9 9 2 2 2 2 5 5 5 5 3 3 ]
l = [ 6 6 6 6 9 9 9 9 9 9 2 2 2 2 5 5 5 5 3 3 ]
Pmin = [ 58 58 58 58 91 91 91 91 91 91 25 25 25 25 51 51 62 62 35 35 ]
Pmax = [ 58 58 58 58 91 91 91 91 91 91 25 25 25 25 51 51 62 62 35 35 ]
cf = [ 55.4975 55.4975 55.4975 55.4975 47.4345 47.4345 47.4345 47.4345 47.4345 47.4345 46.9153 46.9153 46.9153 46.9153 66.47 66.47 27.5697 27.5697 39.4293 39.4293 ]
c0 = [ 152 152 152 152 242 242 242 242 242 242 80 80 80 80 151 151 176 176 117 117 ]
cp = [ 17.695 17.695 17.695 17.695 18.5567 18.5567 18.5567 18.5567 18.5567 18.5567 35.5218 35.5218 35.5218 35.5218 27.7849 27.7849 19.0807 19.0807 37.3753 37.3753 ]
D = [ 298 333 408 461 516 571 615 664 718 777 844 908 942 878 793 718 654 605 670 744 851 703 575 474 ]
K = 6
nk = [ 1 1 1 1 2 2 2 2 2 2 3 3 3 3 4 4 5 5 6 6 ]
First = [ 1 0 0 0 1 0 0 0 0 0 1 0 0 0 1 0 1 0 1 0 ]
Last = [ 0 0 0 1 0 0 0 0 0 1 0 0 0 1 0 1 0 1 0 1 ]
nS = 6
S = [ 1 0 0 0 1 0 0 0 0 0 1 0 0 0 1 0 1 0 1 0 ]
