n = 20 ; 
T = 24 ; 
Init = [ 1 1 1 1 1 1 0 1 1 1 1 1 1 1 1 1 0 0 0 1 ]
L = [ 8 8 8 8 8 8 3 3 3 3 6 4 9 9 9 9 5 5 5 8 ]
l = [ 8 8 8 8 8 8 3 3 3 3 6 4 9 9 9 9 5 5 5 8 ]
Pmin = [ 96 96 82 82 82 82 26 21 21 21 64 32 97 97 97 97 55 55 55 92 ]
Pmax = [ 96 96 82 82 82 82 26 21 21 21 64 32 97 97 97 97 55 55 55 92 ]
cf = [ 27.0298 27.0298 46.9474 46.9474 46.9474 46.9474 17.3807 20.5322 20.5322 20.5322 35.9051 39.9496 38.8259 38.8259 38.8259 38.8259 29.2354 29.2354 29.2354 22.8732 ]
c0 = [ 250 250 210 210 210 210 76 77 77 77 168 94 250 250 250 250 151 151 151 230 ]
cp = [ 15.1634 15.1634 11.6703 11.6703 11.6703 11.6703 40.5686 40.1361 40.1361 40.1361 21.8529 33.5412 10.6615 10.6615 10.6615 10.6615 29.5139 29.5139 29.5139 21.0325 ]
D = [ 351 450 474 560 597 683 766 820 881 913 979 1044 1129 1038 948 870 792 692 818 897 1015 825 682 479 ]
K = 9
nk = [ 1 1 2 2 2 2 3 4 4 4 5 6 7 7 7 7 8 8 8 9 ]
First = [ 1 0 1 0 0 0 1 1 0 0 1 1 1 0 0 0 1 0 0 1 ]
Last = [ 0 1 0 0 0 1 1 0 0 1 1 1 0 0 0 1 0 0 1 1 ]
nS = 9
S = [ 1 0 1 0 0 0 1 1 0 0 1 1 1 0 0 0 1 0 0 1 ]
