n = 20 ; 
T = 24 ; 
Init = [ 1 1 1 1 1 1 1 1 1 1 1 0 0 0 0 1 1 1 1 1 ]
L = [ 4 4 4 4 4 4 4 4 4 4 4 6 6 6 6 7 7 7 7 7 ]
l = [ 4 4 4 4 4 4 4 4 4 4 4 6 6 6 6 7 7 7 7 7 ]
Pmin = [ 41 41 41 41 41 41 39 39 39 39 39 66 66 66 66 65 65 65 65 65 ]
Pmax = [ 41 41 41 41 41 41 39 39 39 39 39 66 66 66 66 65 65 65 65 65 ]
cf = [ 15.2587 15.2587 15.2587 15.2587 15.2587 15.2587 28.9683 28.9683 28.9683 28.9683 28.9683 21.599 21.599 21.599 21.599 43.3803 43.3803 43.3803 43.3803 43.3803 ]
c0 = [ 116 116 116 116 116 116 122 122 122 122 122 190 190 190 190 173 173 173 173 173 ]
cp = [ 33.9339 33.9339 33.9339 33.9339 33.9339 33.9339 37.1799 37.1799 37.1799 37.1799 37.1799 25.623 25.623 25.623 25.623 19.5823 19.5823 19.5823 19.5823 19.5823 ]
D = [ 266 314 375 428 468 526 593 642 695 735 776 856 910 846 737 675 601 546 624 698 785 657 499 392 ]
K = 4
nk = [ 1 1 1 1 1 1 2 2 2 2 2 3 3 3 3 4 4 4 4 4 ]
First = [ 1 0 0 0 0 0 1 0 0 0 0 1 0 0 0 1 0 0 0 0 ]
Last = [ 0 0 0 0 0 1 0 0 0 0 1 0 0 0 1 0 0 0 0 1 ]
nS = 4
S = [ 1 0 0 0 0 0 1 0 0 0 0 1 0 0 0 1 0 0 0 0 ]
