n = 20 ; 
T = 24 ; 
Init = [ 0 0 0 0 0 1 1 1 1 0 0 0 0 0 1 1 0 0 0 0 ]
L = [ 6 6 6 6 6 9 9 9 9 2 2 2 2 2 4 4 6 6 6 6 ]
l = [ 6 6 6 6 6 9 9 9 9 2 2 2 2 2 4 4 6 6 6 6 ]
Pmin = [ 63 63 63 63 63 100 100 100 100 24 24 24 24 24 46 46 65 65 65 65 ]
Pmax = [ 63 63 63 63 63 100 100 100 100 24 24 24 24 24 46 46 65 65 65 65 ]
cf = [ 37.6556 37.6556 37.6556 37.6556 37.6556 34.2829 34.2829 34.2829 34.2829 17.3711 17.3711 17.3711 17.3711 17.3711 18.8286 18.8286 25.1133 25.1133 25.1133 25.1133 ]
c0 = [ 173 173 173 173 173 250 250 250 250 72 72 72 72 72 127 127 187 187 187 187 ]
cp = [ 15.1313 15.1313 15.1313 15.1313 15.1313 17.7202 17.7202 17.7202 17.7202 40.8306 40.8306 40.8306 40.8306 40.8306 29.6428 29.6428 24.505 24.505 24.505 24.505 ]
D = [ 346 398 432 499 553 611 704 756 800 895 951 988 1051 942 870 756 701 576 671 778 830 720 563 442 ]
K = 5
nk = [ 1 1 1 1 1 2 2 2 2 3 3 3 3 3 4 4 5 5 5 5 ]
First = [ 1 0 0 0 0 1 0 0 0 1 0 0 0 0 1 0 1 0 0 0 ]
Last = [ 0 0 0 0 1 0 0 0 1 0 0 0 0 1 0 1 0 0 0 1 ]
nS = 5
S = [ 1 0 0 0 0 1 0 0 0 1 0 0 0 0 1 0 1 0 0 0 ]
