n = 20 ; 
T = 24 ; 
Init = [ 0 1 0 0 1 1 0 0 0 0 0 1 1 0 0 0 0 0 1 1 ]
L = [ 9 6 6 6 7 7 4 3 3 3 3 6 6 9 9 9 3 3 3 3 ]
l = [ 9 6 6 6 7 7 4 3 3 3 3 6 6 9 9 9 3 3 3 3 ]
Pmin = [ 100 66 59 59 75 77 51 23 23 23 23 56 56 95 95 95 26 26 27 27 ]
Pmax = [ 100 66 59 59 75 77 51 23 23 23 23 56 56 95 95 95 26 26 27 27 ]
cf = [ 64.1669 22.4326 19.7757 19.7757 56.0362 25.5418 68.2086 25.6485 25.6485 25.6485 25.6485 64.9256 64.9256 41.0616 41.0616 41.0616 17.5514 17.5514 65.3825 65.3825 ]
c0 = [ 250 172 161 161 198 216 138 86 86 86 86 158 158 243 243 243 79 79 79 79 ]
cp = [ 9.38118 17.5085 27.4657 27.4657 22.4322 15.9206 27.1913 40.4027 40.4027 40.4027 40.4027 32.3479 32.3479 13.4395 13.4395 13.4395 37.6132 37.6132 38.3769 38.3769 ]
D = [ 261 308 362 415 479 534 570 649 703 763 778 861 893 857 760 698 651 553 642 692 768 660 539 405 ]
K = 11
nk = [ 1 2 3 3 4 5 6 7 7 7 7 8 8 9 9 9 10 10 11 11 ]
First = [ 1 1 1 0 1 1 1 1 0 0 0 1 0 1 0 0 1 0 1 0 ]
Last = [ 1 1 0 1 1 1 1 0 0 0 1 0 1 0 0 1 0 1 0 1 ]
nS = 11
S = [ 1 1 1 0 1 1 1 1 0 0 0 1 0 1 0 0 1 0 1 0 ]
