n = 20 ; 
T = 24 ; 
Init = [ 1 1 1 0 0 0 0 1 1 1 1 1 1 1 1 1 1 1 1 1 ]
L = [ 8 8 3 5 5 5 5 4 4 7 7 7 7 7 7 7 5 5 5 5 ]
l = [ 8 8 3 5 5 5 5 4 4 7 7 7 7 7 7 7 5 5 5 5 ]
Pmin = [ 80 80 30 47 47 47 47 43 43 82 82 82 82 82 82 82 57 57 57 57 ]
Pmax = [ 80 80 30 47 47 47 47 43 43 82 82 82 82 82 82 82 57 57 57 57 ]
cf = [ 12.6205 12.6205 50.7699 68.281 68.281 68.281 68.281 25.3646 25.3646 13.6308 13.6308 13.6308 13.6308 13.6308 13.6308 13.6308 20.7897 20.7897 20.7897 20.7897 ]
c0 = [ 218 218 90 139 139 139 139 136 136 215 215 215 215 215 215 215 155 155 155 155 ]
cp = [ 19.5915 19.5915 34.2589 22.5269 22.5269 22.5269 22.5269 19.159 19.159 13.2098 13.2098 13.2098 13.2098 13.2098 13.2098 13.2098 27.5396 27.5396 27.5396 27.5396 ]
D = [ 389 459 511 570 618 716 765 844 905 970 990 1056 1127 1052 929 830 706 617 741 878 1022 853 661 510 ]
K = 6
nk = [ 1 1 2 3 3 3 3 4 4 5 5 5 5 5 5 5 6 6 6 6 ]
First = [ 1 0 1 1 0 0 0 1 0 1 0 0 0 0 0 0 1 0 0 0 ]
Last = [ 0 1 1 0 0 0 1 0 1 0 0 0 0 0 0 1 0 0 0 1 ]
nS = 6
S = [ 1 0 1 1 0 0 0 1 0 1 0 0 0 0 0 0 1 0 0 0 ]
