n = 20 ; 
T = 24 ; 
Init = [ 1 1 1 1 1 0 1 1 1 1 1 0 0 0 0 0 0 0 0 0 ]
L = [ 6 6 6 6 6 8 7 7 7 7 7 7 7 7 7 7 7 5 5 6 ]
l = [ 6 6 6 6 6 8 7 7 7 7 7 7 7 7 7 7 7 5 5 6 ]
Pmin = [ 65 65 65 65 65 86 72 72 72 72 77 77 77 77 77 77 77 48 48 69 ]
Pmax = [ 65 65 65 65 65 86 72 72 72 72 77 77 77 77 77 77 77 48 48 69 ]
cf = [ 37.3834 37.3834 37.3834 37.3834 37.3834 25.8904 58.6832 58.6832 58.6832 58.6832 58.5651 54.5058 54.5058 54.5058 54.5058 54.5058 54.5058 35.0616 35.0616 45.3452 ]
c0 = [ 170 170 170 170 170 231 199 199 199 199 197 196 196 196 196 196 196 140 140 192 ]
cp = [ 16.0192 16.0192 16.0192 16.0192 16.0192 18.9847 18.7182 18.7182 18.7182 18.7182 14.088 18.3887 18.3887 18.3887 18.3887 18.3887 18.3887 27.5596 27.5596 22.6115 ]
D = [ 342 376 500 554 631 713 737 803 915 995 1058 1095 1185 1089 957 896 784 659 832 952 1095 913 710 484 ]
K = 7
nk = [ 1 1 1 1 1 2 3 3 3 3 4 5 5 5 5 5 5 6 6 7 ]
First = [ 1 0 0 0 0 1 1 0 0 0 1 1 0 0 0 0 0 1 0 1 ]
Last = [ 0 0 0 0 1 1 0 0 0 1 1 0 0 0 0 0 1 0 1 1 ]
nS = 7
S = [ 1 0 0 0 0 1 1 0 0 0 1 1 0 0 0 0 0 1 0 1 ]
