n = 20 ; 
T = 24 ; 
Init = [ 1 0 0 0 1 1 1 0 0 0 0 0 0 1 1 1 1 1 1 1 ]
L = [ 9 4 4 4 8 6 6 7 7 7 7 4 4 9 9 9 9 5 5 5 ]
l = [ 9 4 4 4 8 6 6 7 7 7 7 4 4 9 9 9 9 5 5 5 ]
Pmin = [ 100 36 36 36 92 57 57 71 71 71 71 37 37 95 95 95 95 49 49 49 ]
Pmax = [ 100 36 36 36 92 57 57 71 71 71 71 37 37 95 95 95 95 49 49 49 ]
cf = [ 27.7977 27.5606 27.5606 27.5606 60.7728 32.3709 32.3709 48.4845 48.4845 48.4845 48.4845 24.2117 24.2117 10.4714 10.4714 10.4714 10.4714 47.0916 47.0916 47.0916 ]
c0 = [ 250 100 100 100 248 153 153 189 189 189 189 118 118 243 243 243 243 134 134 134 ]
cp = [ 14.3487 30.262 30.262 30.262 17.5128 27.7081 27.7081 22.1024 22.1024 22.1024 22.1024 32.503 32.503 10.5488 10.5488 10.5488 10.5488 32.4644 32.4644 32.4644 ]
D = [ 264 358 400 479 546 580 693 760 820 858 938 979 1057 966 869 818 727 646 714 834 917 793 623 465 ]
K = 8
nk = [ 1 2 2 2 3 4 4 5 5 5 5 6 6 7 7 7 7 8 8 8 ]
First = [ 1 1 0 0 1 1 0 1 0 0 0 1 0 1 0 0 0 1 0 0 ]
Last = [ 1 0 0 1 1 0 1 0 0 0 1 0 1 0 0 0 1 0 0 1 ]
nS = 8
S = [ 1 1 0 0 1 1 0 1 0 0 0 1 0 1 0 0 0 1 0 0 ]
