n = 20 ; 
T = 24 ; 
Init = [ 0 0 0 0 0 0 1 1 1 1 0 0 0 0 0 0 1 0 0 0 ]
L = [ 7 7 7 7 7 7 2 2 2 2 6 6 6 10 10 10 2 7 7 7 ]
l = [ 7 7 7 7 7 7 2 2 2 2 6 6 6 10 10 10 2 7 7 7 ]
Pmin = [ 68 68 68 68 68 68 18 18 18 18 61 61 61 100 100 100 23 69 69 69 ]
Pmax = [ 68 68 68 68 68 68 18 18 18 18 61 61 61 100 100 100 23 69 69 69 ]
cf = [ 33.6969 33.6969 33.6969 33.6969 33.6969 33.6969 56.2842 56.2842 56.2842 56.2842 48.2864 48.2864 48.2864 65.6575 65.6575 65.6575 17.5703 15.499 15.499 15.499 ]
c0 = [ 194 194 194 194 194 194 63 63 63 63 161 161 161 250 250 250 83 194 194 194 ]
cp = [ 24.1201 24.1201 24.1201 24.1201 24.1201 24.1201 40.6809 40.6809 40.6809 40.6809 26.2978 26.2978 26.2978 10.578 10.578 10.578 36.9494 25.2068 25.2068 25.2068 ]
D = [ 244 297 370 415 520 559 625 698 731 810 895 927 1002 937 846 762 677 622 693 776 854 697 534 415 ]
K = 6
nk = [ 1 1 1 1 1 1 2 2 2 2 3 3 3 4 4 4 5 6 6 6 ]
First = [ 1 0 0 0 0 0 1 0 0 0 1 0 0 1 0 0 1 1 0 0 ]
Last = [ 0 0 0 0 0 1 0 0 0 1 0 0 1 0 0 1 1 0 0 1 ]
nS = 6
S = [ 1 0 0 0 0 0 1 0 0 0 1 0 0 1 0 0 1 1 0 0 ]
