n = 20 ; 
T = 24 ; 
Init = [ 1 1 1 1 1 1 1 0 0 0 1 1 1 1 1 0 0 0 0 0 ]
L = [ 4 4 4 4 8 8 8 3 3 3 2 2 4 4 4 10 10 7 7 7 ]
l = [ 4 4 4 4 8 8 8 3 3 3 2 2 4 4 4 10 10 7 7 7 ]
Pmin = [ 34 34 34 34 80 80 80 32 32 32 20 20 34 34 34 100 100 74 74 74 ]
Pmax = [ 34 34 34 34 80 80 80 32 32 32 20 20 34 34 34 100 100 74 74 74 ]
cf = [ 43.5304 43.5304 43.5304 43.5304 11.1977 11.1977 11.1977 48.6914 48.6914 48.6914 56.872 56.872 45.9818 45.9818 45.9818 28.1868 28.1868 11.2211 11.2211 11.2211 ]
c0 = [ 97 97 97 97 212 212 212 105 105 105 76 76 103 103 103 250 250 193 193 193 ]
cp = [ 20.255 20.255 20.255 20.255 22.2896 22.2896 22.2896 33.274 33.274 33.274 41.1338 41.1338 31.4931 31.4931 31.4931 14.9292 14.9292 17.2548 17.2548 17.2548 ]
D = [ 234 279 358 409 456 502 567 634 705 734 794 854 913 860 769 697 600 516 630 712 804 664 567 404 ]
K = 7
nk = [ 1 1 1 1 2 2 2 3 3 3 4 4 5 5 5 6 6 7 7 7 ]
First = [ 1 0 0 0 1 0 0 1 0 0 1 0 1 0 0 1 0 1 0 0 ]
Last = [ 0 0 0 1 0 0 1 0 0 1 0 1 0 0 1 0 1 0 0 1 ]
nS = 7
S = [ 1 0 0 0 1 0 0 1 0 0 1 0 1 0 0 1 0 1 0 0 ]
