n = 20 ; 
T = 24 ; 
Init = [ 1 1 1 1 1 1 1 1 1 1 1 1 1 0 0 0 0 0 0 0 ]
L = [ 5 5 5 5 5 5 5 5 5 5 2 2 2 4 4 4 4 4 6 6 ]
l = [ 5 5 5 5 5 5 5 5 5 5 2 2 2 4 4 4 4 4 6 6 ]
Pmin = [ 49 49 49 49 49 49 49 49 49 49 21 21 21 40 40 40 40 40 63 63 ]
Pmax = [ 49 49 49 49 49 49 49 49 49 49 21 21 21 40 40 40 40 40 63 63 ]
cf = [ 66.6442 66.6442 66.6442 66.6442 66.6442 66.6442 66.6442 66.6442 66.6442 66.6442 39.2138 39.2138 39.2138 21.6147 21.6147 21.6147 21.6147 21.6147 32.6976 32.6976 ]
c0 = [ 135 135 135 135 135 135 135 135 135 135 67 67 67 123 123 123 123 123 170 170 ]
cp = [ 32.5247 32.5247 32.5247 32.5247 32.5247 32.5247 32.5247 32.5247 32.5247 32.5247 41.7322 41.7322 41.7322 32.7627 32.7627 32.7627 32.7627 32.7627 28.1908 28.1908 ]
D = [ 240 258 305 356 419 456 488 536 598 637 657 720 775 713 645 586 523 440 537 580 673 555 414 327 ]
K = 4
nk = [ 1 1 1 1 1 1 1 1 1 1 2 2 2 3 3 3 3 3 4 4 ]
First = [ 1 0 0 0 0 0 0 0 0 0 1 0 0 1 0 0 0 0 1 0 ]
Last = [ 0 0 0 0 0 0 0 0 0 1 0 0 1 0 0 0 0 1 0 1 ]
nS = 4
S = [ 1 0 0 0 0 0 0 0 0 0 1 0 0 1 0 0 0 0 1 0 ]
