n = 20 ; 
T = 24 ; 
Init = [ 1 1 1 1 1 0 1 1 0 0 0 0 1 1 1 1 1 1 1 1 ]
L = [ 4 4 4 9 3 7 6 6 9 9 9 9 3 3 3 6 6 6 6 4 ]
l = [ 4 4 4 9 3 7 6 6 9 9 9 9 3 3 3 6 6 6 6 4 ]
Pmin = [ 37 37 37 99 24 67 56 56 96 96 96 96 26 26 26 73 73 73 73 45 ]
Pmax = [ 37 37 37 99 24 67 56 56 96 96 96 96 26 26 26 73 73 73 73 45 ]
cf = [ 17.7675 17.7675 17.7675 35.4958 20.6427 9.52289 51.3151 51.3151 40.3288 40.3288 40.3288 40.3288 16.8493 16.8493 16.8493 33.4462 33.4462 33.4462 33.4462 69.4471 ]
c0 = [ 105 105 105 249 74 187 165 165 250 250 250 250 77 77 77 198 198 198 198 120 ]
cp = [ 32.4882 32.4882 32.4882 11.708 33.6238 25.6934 24.6285 24.6285 13.9607 13.9607 13.9607 13.9607 37.5052 37.5052 37.5052 26.2657 26.2657 26.2657 26.2657 33.9357 ]
D = [ 263 336 381 446 517 581 649 733 786 846 914 1006 1048 971 884 777 683 568 721 839 933 819 639 479 ]
K = 9
nk = [ 1 1 1 2 3 4 5 5 6 6 6 6 7 7 7 8 8 8 8 9 ]
First = [ 1 0 0 1 1 1 1 0 1 0 0 0 1 0 0 1 0 0 0 1 ]
Last = [ 0 0 1 1 1 1 0 1 0 0 0 1 0 0 1 0 0 0 1 1 ]
nS = 9
S = [ 1 0 0 1 1 1 1 0 1 0 0 0 1 0 0 1 0 0 0 1 ]
