n = 20 ; 
T = 24 ; 
Init = [ 1 1 1 1 1 1 1 1 1 1 1 1 1 1 1 1 1 1 1 1 ]
L = [ 3 3 3 3 5 5 5 5 5 9 9 9 9 9 9 9 3 3 3 3 ]
l = [ 3 3 3 3 5 5 5 5 5 9 9 9 9 9 9 9 3 3 3 3 ]
Pmin = [ 27 27 27 27 56 56 56 56 56 93 93 93 93 93 93 93 38 38 38 38 ]
Pmax = [ 27 27 27 27 56 56 56 56 56 93 93 93 93 93 93 93 38 38 38 38 ]
cf = [ 47.4079 47.4079 47.4079 47.4079 67.7471 67.7471 67.7471 67.7471 67.7471 66.5153 66.5153 66.5153 66.5153 66.5153 66.5153 66.5153 18.6069 18.6069 18.6069 18.6069 ]
c0 = [ 95 95 95 95 148 148 148 148 148 241 241 241 241 241 241 241 117 117 117 117 ]
cp = [ 39.107 39.107 39.107 39.107 18.2167 18.2167 18.2167 18.2167 18.2167 12.2208 12.2208 12.2208 12.2208 12.2208 12.2208 12.2208 40.1396 40.1396 40.1396 40.1396 ]
D = [ 337 380 440 491 584 612 697 758 784 881 918 988 1028 963 861 809 711 636 718 810 902 769 614 482 ]
K = 4
nk = [ 1 1 1 1 2 2 2 2 2 3 3 3 3 3 3 3 4 4 4 4 ]
First = [ 1 0 0 0 1 0 0 0 0 1 0 0 0 0 0 0 1 0 0 0 ]
Last = [ 0 0 0 1 0 0 0 0 1 0 0 0 0 0 0 1 0 0 0 1 ]
nS = 4
S = [ 1 0 0 0 1 0 0 0 0 1 0 0 0 0 0 0 1 0 0 0 ]
