n = 20 ; 
T = 24 ; 
Init = [ 1 1 1 1 1 1 1 1 1 1 1 1 1 1 1 1 1 1 1 1 ]
L = [ 3 3 3 3 3 3 3 3 3 8 8 8 8 8 8 6 6 6 6 6 ]
l = [ 3 3 3 3 3 3 3 3 3 8 8 8 8 8 8 6 6 6 6 6 ]
Pmin = [ 31 31 31 31 31 31 31 31 31 90 90 90 90 90 90 69 69 69 69 69 ]
Pmax = [ 31 31 31 31 31 31 31 31 31 90 90 90 90 90 90 69 69 69 69 69 ]
cf = [ 57.4841 57.4841 57.4841 57.4841 57.4841 57.4841 57.4841 57.4841 57.4841 32.3872 32.3872 32.3872 32.3872 32.3872 32.3872 45.5422 45.5422 45.5422 45.5422 45.5422 ]
c0 = [ 93 93 93 93 93 93 93 93 93 243 243 243 243 243 243 178 178 178 178 178 ]
cp = [ 33.1852 33.1852 33.1852 33.1852 33.1852 33.1852 33.1852 33.1852 33.1852 15.4004 15.4004 15.4004 15.4004 15.4004 15.4004 21.2829 21.2829 21.2829 21.2829 21.2829 ]
D = [ 333 386 423 477 565 620 684 707 772 814 902 970 1025 926 820 783 685 599 718 828 929 755 622 502 ]
K = 3
nk = [ 1 1 1 1 1 1 1 1 1 2 2 2 2 2 2 3 3 3 3 3 ]
First = [ 1 0 0 0 0 0 0 0 0 1 0 0 0 0 0 1 0 0 0 0 ]
Last = [ 0 0 0 0 0 0 0 0 1 0 0 0 0 0 1 0 0 0 0 1 ]
nS = 3
S = [ 1 0 0 0 0 0 0 0 0 1 0 0 0 0 0 1 0 0 0 0 ]
