n = 20 ; 
T = 24 ; 
Init = [ 1 1 0 0 0 0 1 1 0 0 0 0 0 0 0 0 0 0 0 0 ]
L = [ 7 7 5 5 5 5 2 2 6 6 6 6 6 6 6 6 6 6 9 9 ]
l = [ 7 7 5 5 5 5 2 2 6 6 6 6 6 6 6 6 6 6 9 9 ]
Pmin = [ 81 81 57 57 57 57 21 21 60 60 60 60 60 60 60 60 60 60 95 95 ]
Pmax = [ 81 81 57 57 57 57 21 21 60 60 60 60 60 60 60 60 60 60 95 95 ]
cf = [ 52.9517 52.9517 29.061 29.061 29.061 29.061 46.5174 46.5174 26.6118 26.6118 26.6118 26.6118 26.6118 26.6118 26.6118 26.6118 26.6118 26.6118 60.7631 60.7631 ]
c0 = [ 216 216 156 156 156 156 64 64 173 173 173 173 173 173 173 173 173 173 250 250 ]
cp = [ 14.8913 14.8913 23.2458 23.2458 23.2458 23.2458 41.9478 41.9478 19.1276 19.1276 19.1276 19.1276 19.1276 19.1276 19.1276 19.1276 19.1276 19.1276 11.8047 11.8047 ]
D = [ 331 393 448 516 607 669 733 756 832 880 930 1000 1072 994 889 831 737 661 734 834 898 795 621 514 ]
K = 5
nk = [ 1 1 2 2 2 2 3 3 4 4 4 4 4 4 4 4 4 4 5 5 ]
First = [ 1 0 1 0 0 0 1 0 1 0 0 0 0 0 0 0 0 0 1 0 ]
Last = [ 0 1 0 0 0 1 0 1 0 0 0 0 0 0 0 0 0 1 0 1 ]
nS = 5
S = [ 1 0 1 0 0 0 1 0 1 0 0 0 0 0 0 0 0 0 1 0 ]
