n = 20 ; 
T = 24 ; 
Init = [ 0 0 0 1 1 1 1 1 1 1 1 1 1 1 1 1 1 0 0 0 ]
L = [ 9 9 9 9 9 9 9 9 3 3 3 8 8 8 3 3 5 6 6 6 ]
l = [ 9 9 9 9 9 9 9 9 3 3 3 8 8 8 3 3 5 6 6 6 ]
Pmin = [ 100 100 100 100 100 100 100 100 28 28 28 83 83 83 33 33 42 60 60 60 ]
Pmax = [ 100 100 100 100 100 100 100 100 28 28 28 83 83 83 33 33 42 60 60 60 ]
cf = [ 38.4639 38.4639 38.4639 43.5166 43.5166 43.5166 43.5166 43.5166 49.9545 49.9545 49.9545 41.712 41.712 41.712 33.3475 33.3475 20.5049 50.2275 50.2275 50.2275 ]
c0 = [ 250 250 250 250 250 250 250 250 86 86 86 229 229 229 97 97 128 159 159 159 ]
cp = [ 12.0855 12.0855 12.0855 10.6479 10.6479 10.6479 10.6479 10.6479 34.5703 34.5703 34.5703 28.6527 28.6527 28.6527 37.1306 37.1306 32.9914 31.7221 31.7221 31.7221 ]
D = [ 422 446 517 589 621 707 746 840 874 963 992 1072 1131 1069 968 887 835 736 832 901 1002 830 689 545 ]
K = 7
nk = [ 1 1 1 2 2 2 2 2 3 3 3 4 4 4 5 5 6 7 7 7 ]
First = [ 1 0 0 1 0 0 0 0 1 0 0 1 0 0 1 0 1 1 0 0 ]
Last = [ 0 0 1 0 0 0 0 1 0 0 1 0 0 1 0 1 1 0 0 1 ]
nS = 7
S = [ 1 0 0 1 0 0 0 0 1 0 0 1 0 0 1 0 1 1 0 0 ]
