n = 20 ; 
T = 24 ; 
Init = [ 1 1 1 1 1 1 0 0 0 0 0 0 0 0 0 0 0 1 1 1 ]
L = [ 6 6 6 6 6 6 6 6 6 6 6 9 9 9 9 9 5 3 3 3 ]
l = [ 6 6 6 6 6 6 6 6 6 6 6 9 9 9 9 9 5 3 3 3 ]
Pmin = [ 61 61 61 61 61 61 64 64 64 64 64 98 98 98 98 98 53 25 25 25 ]
Pmax = [ 61 61 61 61 61 61 64 64 64 64 64 98 98 98 98 98 53 25 25 25 ]
cf = [ 65.0958 65.0958 65.0958 65.0958 65.0958 65.0958 55.3997 55.3997 55.3997 55.3997 55.3997 65.9933 65.9933 65.9933 65.9933 65.9933 66.1243 11.9175 11.9175 11.9175 ]
c0 = [ 166 166 166 166 166 166 170 170 170 170 170 248 248 248 248 248 146 88 88 88 ]
cp = [ 38.905 38.905 38.905 38.905 38.905 38.905 32.8921 32.8921 32.8921 32.8921 32.8921 14.6129 14.6129 14.6129 14.6129 14.6129 33.4287 38.909 38.909 38.909 ]
D = [ 326 379 452 497 578 652 750 771 853 951 979 1070 1122 1028 925 860 751 639 754 878 964 784 640 524 ]
K = 5
nk = [ 1 1 1 1 1 1 2 2 2 2 2 3 3 3 3 3 4 5 5 5 ]
First = [ 1 0 0 0 0 0 1 0 0 0 0 1 0 0 0 0 1 1 0 0 ]
Last = [ 0 0 0 0 0 1 0 0 0 0 1 0 0 0 0 1 1 0 0 1 ]
nS = 5
S = [ 1 0 0 0 0 0 1 0 0 0 0 1 0 0 0 0 1 1 0 0 ]
