n = 20 ; 
T = 24 ; 
Init = [ 0 0 0 0 1 1 1 1 1 1 1 1 1 1 1 1 1 1 1 1 ]
L = [ 10 10 10 10 8 8 8 8 8 8 3 3 3 3 3 3 7 7 7 7 ]
l = [ 10 10 10 10 8 8 8 8 8 8 3 3 3 3 3 3 7 7 7 7 ]
Pmin = [ 100 100 100 100 79 79 79 79 79 79 24 24 24 24 24 24 81 81 81 81 ]
Pmax = [ 100 100 100 100 79 79 79 79 79 79 24 24 24 24 24 24 81 81 81 81 ]
cf = [ 55.4196 55.4196 55.4196 55.4196 46.8909 46.8909 46.8909 46.8909 46.8909 46.8909 24.0482 24.0482 24.0482 24.0482 24.0482 24.0482 29.459 29.459 29.459 29.459 ]
c0 = [ 250 250 250 250 214 214 214 214 214 214 74 74 74 74 74 74 210 210 210 210 ]
cp = [ 12.0987 12.0987 12.0987 12.0987 19.1061 19.1061 19.1061 19.1061 19.1061 19.1061 40.3487 40.3487 40.3487 40.3487 40.3487 40.3487 20.4905 20.4905 20.4905 20.4905 ]
D = [ 383 440 512 546 614 666 725 840 872 936 984 1086 1112 1045 930 882 750 711 771 901 974 825 694 555 ]
K = 4
nk = [ 1 1 1 1 2 2 2 2 2 2 3 3 3 3 3 3 4 4 4 4 ]
First = [ 1 0 0 0 1 0 0 0 0 0 1 0 0 0 0 0 1 0 0 0 ]
Last = [ 0 0 0 1 0 0 0 0 0 1 0 0 0 0 0 1 0 0 0 1 ]
nS = 4
S = [ 1 0 0 0 1 0 0 0 0 0 1 0 0 0 0 0 1 0 0 0 ]
