n = 20 ; 
T = 24 ; 
Init = [ 0 0 1 1 0 0 0 0 0 0 0 0 0 0 0 0 1 1 1 1 ]
L = [ 6 6 9 9 3 3 3 3 3 3 3 3 4 4 4 4 9 9 9 9 ]
l = [ 6 6 9 9 3 3 3 3 3 3 3 3 4 4 4 4 9 9 9 9 ]
Pmin = [ 55 55 95 95 28 28 26 26 26 26 26 26 43 43 43 43 100 100 100 100 ]
Pmax = [ 55 55 95 95 28 28 26 26 26 26 26 26 43 43 43 43 100 100 100 100 ]
cf = [ 26.6566 26.6566 33.4662 33.4662 32.8028 32.8028 68.2302 68.2302 68.2302 68.2302 68.2302 68.2302 24.3786 24.3786 24.3786 24.3786 51.2531 51.2531 51.2531 51.2531 ]
c0 = [ 161 161 248 248 87 87 88 88 88 88 88 88 115 115 115 115 250 250 250 250 ]
cp = [ 28.0104 28.0104 11.5691 11.5691 39.2737 39.2737 29.4766 29.4766 29.4766 29.4766 29.4766 29.4766 32.191 32.191 32.191 32.191 17.0833 17.0833 17.0833 17.0833 ]
D = [ 245 310 370 407 477 529 587 663 714 753 799 869 908 834 754 687 615 540 637 756 849 726 579 446 ]
K = 6
nk = [ 1 1 2 2 3 3 4 4 4 4 4 4 5 5 5 5 6 6 6 6 ]
First = [ 1 0 1 0 1 0 1 0 0 0 0 0 1 0 0 0 1 0 0 0 ]
Last = [ 0 1 0 1 0 1 0 0 0 0 0 1 0 0 0 1 0 0 0 1 ]
nS = 6
S = [ 1 0 1 0 1 0 1 0 0 0 0 0 1 0 0 0 1 0 0 0 ]
