n = 20 ; 
T = 24 ; 
Init = [ 0 0 1 1 0 0 1 1 1 0 0 0 0 0 0 0 0 0 0 1 ]
L = [ 9 9 3 3 4 4 4 4 4 8 8 8 8 3 6 6 6 6 6 9 ]
l = [ 9 9 3 3 4 4 4 4 4 8 8 8 8 3 6 6 6 6 6 9 ]
Pmin = [ 100 100 20 20 34 34 43 43 43 80 80 80 80 27 66 66 66 66 66 94 ]
Pmax = [ 100 100 20 20 34 34 43 43 43 80 80 80 80 27 66 66 66 66 66 94 ]
cf = [ 12.0987 12.0987 56.6816 56.6816 69.1076 69.1076 45.6473 45.6473 45.6473 58.8587 58.8587 58.8587 58.8587 28.4665 37.9898 37.9898 37.9898 37.9898 37.9898 28.6607 ]
c0 = [ 250 250 62 62 111 111 115 115 115 208 208 208 208 83 170 170 170 170 170 243 ]
cp = [ 15.3712 15.3712 37.2149 37.2149 33.6514 33.6514 26.9146 26.9146 26.9146 14.0259 14.0259 14.0259 14.0259 33.8631 23.5635 23.5635 23.5635 23.5635 23.5635 8.71574 ]
D = [ 369 439 469 529 621 651 712 790 830 872 961 1025 1075 1000 875 802 701 596 688 790 915 740 604 455 ]
K = 8
nk = [ 1 1 2 2 3 3 4 4 4 5 5 5 5 6 7 7 7 7 7 8 ]
First = [ 1 0 1 0 1 0 1 0 0 1 0 0 0 1 1 0 0 0 0 1 ]
Last = [ 0 1 0 1 0 1 0 0 1 0 0 0 1 1 0 0 0 0 1 1 ]
nS = 8
S = [ 1 0 1 0 1 0 1 0 0 1 0 0 0 1 1 0 0 0 0 1 ]
