n = 20 ; 
T = 24 ; 
Init = [ 1 1 1 1 1 1 0 0 0 0 1 1 1 1 1 1 0 0 0 0 ]
L = [ 5 5 5 5 5 5 7 7 6 6 8 8 8 8 8 8 6 6 6 6 ]
l = [ 5 5 5 5 5 5 7 7 6 6 8 8 8 8 8 8 6 6 6 6 ]
Pmin = [ 50 50 50 50 50 50 72 72 61 61 84 84 84 84 84 84 59 59 59 59 ]
Pmax = [ 50 50 50 50 50 50 72 72 61 61 84 84 84 84 84 84 59 59 59 59 ]
cf = [ 29.6681 29.6681 29.6681 29.6681 29.6681 29.6681 57.3058 57.3058 54.602 54.602 46.7481 46.7481 46.7481 46.7481 46.7481 46.7481 33.1911 33.1911 33.1911 33.1911 ]
c0 = [ 144 144 144 144 144 144 203 203 177 177 219 219 219 219 219 219 154 154 154 154 ]
cp = [ 24.7051 24.7051 24.7051 24.7051 24.7051 24.7051 24.7798 24.7798 30.1174 30.1174 19.6447 19.6447 19.6447 19.6447 19.6447 19.6447 20.8422 20.8422 20.8422 20.8422 ]
D = [ 325 372 408 477 547 613 692 785 848 869 951 1030 1082 970 876 786 690 597 762 854 1008 844 699 502 ]
K = 5
nk = [ 1 1 1 1 1 1 2 2 3 3 4 4 4 4 4 4 5 5 5 5 ]
First = [ 1 0 0 0 0 0 1 0 1 0 1 0 0 0 0 0 1 0 0 0 ]
Last = [ 0 0 0 0 0 1 0 1 0 1 0 0 0 0 0 1 0 0 0 1 ]
nS = 5
S = [ 1 0 0 0 0 0 1 0 1 0 1 0 0 0 0 0 1 0 0 0 ]
