n = 20 ; 
T = 24 ; 
Init = [ 1 1 1 1 1 1 1 0 0 0 0 0 1 1 1 1 1 1 1 1 ]
L = [ 6 6 6 6 6 6 5 8 8 8 8 8 4 8 8 8 8 8 8 8 ]
l = [ 6 6 6 6 6 6 5 8 8 8 8 8 4 8 8 8 8 8 8 8 ]
Pmin = [ 61 61 61 61 61 61 45 85 85 85 85 85 39 79 79 79 79 79 79 79 ]
Pmax = [ 61 61 61 61 61 61 45 85 85 85 85 85 39 79 79 79 79 79 79 79 ]
cf = [ 23.3059 23.3059 23.3059 23.3059 23.3059 23.3059 23.1803 69.4919 69.4919 69.4919 69.4919 69.4919 64.6548 42.2302 42.2302 42.2302 42.2302 42.2302 42.2302 42.2302 ]
c0 = [ 171 171 171 171 171 171 140 216 216 216 216 216 112 214 214 214 214 214 214 214 ]
cp = [ 24.3725 24.3725 24.3725 24.3725 24.3725 24.3725 25.1501 15.8189 15.8189 15.8189 15.8189 15.8189 35.011 27.6074 27.6074 27.6074 27.6074 27.6074 27.6074 27.6074 ]
D = [ 343 378 474 508 596 658 729 816 864 930 997 1066 1135 1051 953 875 805 717 845 972 1139 931 742 551 ]
K = 5
nk = [ 1 1 1 1 1 1 2 3 3 3 3 3 4 5 5 5 5 5 5 5 ]
First = [ 1 0 0 0 0 0 1 1 0 0 0 0 1 1 0 0 0 0 0 0 ]
Last = [ 0 0 0 0 0 1 1 0 0 0 0 1 1 0 0 0 0 0 0 1 ]
nS = 5
S = [ 1 0 0 0 0 0 1 1 0 0 0 0 1 1 0 0 0 0 0 0 ]
