n = 20 ; 
T = 24 ; 
Init = [ 0 0 1 1 1 1 1 1 1 1 1 1 1 1 1 1 1 1 1 1 ]
L = [ 5 5 9 9 9 9 9 9 9 9 5 5 5 5 5 5 9 9 9 9 ]
l = [ 5 5 9 9 9 9 9 9 9 9 5 5 5 5 5 5 9 9 9 9 ]
Pmin = [ 50 50 98 98 98 98 98 98 98 98 53 53 53 53 53 53 96 96 96 96 ]
Pmax = [ 50 50 98 98 98 98 98 98 98 98 53 53 53 53 53 53 96 96 96 96 ]
cf = [ 55.4545 55.4545 69.4833 69.4833 69.4833 69.4833 69.4833 69.4833 69.4833 69.4833 21.5562 21.5562 21.5562 21.5562 21.5562 21.5562 56.0068 56.0068 56.0068 56.0068 ]
c0 = [ 136 136 250 250 250 250 250 250 250 250 148 148 148 148 148 148 250 250 250 250 ]
cp = [ 34.6919 34.6919 16.1621 16.1621 16.1621 16.1621 16.1621 16.1621 16.1621 16.1621 24.6987 24.6987 24.6987 24.6987 24.6987 24.6987 13.1136 13.1136 13.1136 13.1136 ]
D = [ 488 526 584 653 727 822 908 933 1043 1100 1142 1196 1273 1185 1099 1006 896 786 949 1039 1224 974 791 538 ]
K = 4
nk = [ 1 1 2 2 2 2 2 2 2 2 3 3 3 3 3 3 4 4 4 4 ]
First = [ 1 0 1 0 0 0 0 0 0 0 1 0 0 0 0 0 1 0 0 0 ]
Last = [ 0 1 0 0 0 0 0 0 0 1 0 0 0 0 0 1 0 0 0 1 ]
nS = 4
S = [ 1 0 1 0 0 0 0 0 0 0 1 0 0 0 0 0 1 0 0 0 ]
