n = 20 ; 
T = 24 ; 
Init = [ 1 1 1 0 0 0 0 0 0 0 1 1 1 1 1 1 1 0 0 0 ]
L = [ 4 4 4 2 2 2 2 7 7 7 7 7 7 7 7 7 7 5 5 5 ]
l = [ 4 4 4 2 2 2 2 7 7 7 7 7 7 7 7 7 7 5 5 5 ]
Pmin = [ 48 48 48 18 18 18 18 70 70 70 68 68 68 68 68 68 68 43 43 43 ]
Pmax = [ 48 48 48 18 18 18 18 70 70 70 68 68 68 68 68 68 68 43 43 43 ]
cf = [ 27.3668 27.3668 27.3668 61.6096 61.6096 61.6096 61.6096 68.7563 68.7563 68.7563 11.6228 11.6228 11.6228 11.6228 11.6228 11.6228 11.6228 16.1073 16.1073 16.1073 ]
c0 = [ 135 135 135 74 74 74 74 198 198 198 186 186 186 186 186 186 186 118 118 118 ]
cp = [ 20.8205 20.8205 20.8205 41.9896 41.9896 41.9896 41.9896 24.4543 24.4543 24.4543 14.4479 14.4479 14.4479 14.4479 14.4479 14.4479 14.4479 31.5379 31.5379 31.5379 ]
D = [ 247 289 350 374 432 478 542 580 631 698 740 818 846 807 731 669 590 545 630 695 766 636 531 405 ]
K = 5
nk = [ 1 1 1 2 2 2 2 3 3 3 4 4 4 4 4 4 4 5 5 5 ]
First = [ 1 0 0 1 0 0 0 1 0 0 1 0 0 0 0 0 0 1 0 0 ]
Last = [ 0 0 1 0 0 0 1 0 0 1 0 0 0 0 0 0 1 0 0 1 ]
nS = 5
S = [ 1 0 0 1 0 0 0 1 0 0 1 0 0 0 0 0 0 1 0 0 ]
