n = 20 ; 
T = 24 ; 
Init = [ 0 1 0 0 0 0 0 0 0 1 1 1 0 0 0 0 0 0 0 0 ]
L = [ 9 7 2 2 2 5 5 5 5 2 2 2 9 9 8 8 8 8 4 4 ]
l = [ 9 7 2 2 2 5 5 5 5 2 2 2 9 9 8 8 8 8 4 4 ]
Pmin = [ 100 71 20 20 20 53 53 53 53 22 22 22 94 94 91 91 91 91 43 43 ]
Pmax = [ 100 71 20 20 20 53 53 53 53 22 22 22 94 94 91 91 91 91 43 43 ]
cf = [ 33.9008 20.0617 37.6546 37.6546 37.6546 66.2135 66.2135 66.2135 66.2135 34.0494 34.0494 34.0494 35.8996 35.8996 26.8889 26.8889 26.8889 26.8889 16.3782 16.3782 ]
c0 = [ 250 191 69 69 69 142 142 142 142 75 75 75 250 250 248 248 248 248 117 117 ]
cp = [ 9.81656 22.3658 39.4673 39.4673 39.4673 27.6578 27.6578 27.6578 27.6578 41.5218 41.5218 41.5218 11.9553 11.9553 13.5352 13.5352 13.5352 13.5352 35.1763 35.1763 ]
D = [ 324 366 435 464 528 589 652 706 733 818 848 923 955 891 846 746 673 574 666 741 825 693 550 396 ]
K = 8
nk = [ 1 2 3 3 3 4 4 4 4 5 5 5 6 6 7 7 7 7 8 8 ]
First = [ 1 1 1 0 0 1 0 0 0 1 0 0 1 0 1 0 0 0 1 0 ]
Last = [ 1 1 0 0 1 0 0 0 1 0 0 1 0 1 0 0 0 1 0 1 ]
nS = 8
S = [ 1 1 1 0 0 1 0 0 0 1 0 0 1 0 1 0 0 0 1 0 ]
