n = 20 ; 
T = 24 ; 
Init = [ 0 0 0 0 0 0 0 0 0 0 0 0 0 0 0 0 0 0 1 1 ]
L = [ 7 7 7 7 7 6 6 6 6 6 6 2 2 2 8 8 8 8 6 6 ]
l = [ 7 7 7 7 7 6 6 6 6 6 6 2 2 2 8 8 8 8 6 6 ]
Pmin = [ 72 72 72 72 72 66 66 66 66 66 66 22 22 22 84 84 84 84 69 69 ]
Pmax = [ 72 72 72 72 72 66 66 66 66 66 66 22 22 22 84 84 84 84 69 69 ]
cf = [ 42.2467 42.2467 42.2467 42.2467 42.2467 65.4015 65.4015 65.4015 65.4015 65.4015 65.4015 20.2957 20.2957 20.2957 9.2944 9.2944 9.2944 9.2944 66.1232 66.1232 ]
c0 = [ 190 190 190 190 190 181 181 181 181 181 181 66 66 66 214 214 214 214 179 179 ]
cp = [ 20.4047 20.4047 20.4047 20.4047 20.4047 30.0477 30.0477 30.0477 30.0477 30.0477 30.0477 40.4283 40.4283 40.4283 14.173 14.173 14.173 14.173 18.8951 18.8951 ]
D = [ 298 343 436 507 550 657 700 762 832 918 975 1096 1160 1024 958 839 737 665 741 847 964 780 613 493 ]
K = 5
nk = [ 1 1 1 1 1 2 2 2 2 2 2 3 3 3 4 4 4 4 5 5 ]
First = [ 1 0 0 0 0 1 0 0 0 0 0 1 0 0 1 0 0 0 1 0 ]
Last = [ 0 0 0 0 1 0 0 0 0 0 1 0 0 1 0 0 0 1 0 1 ]
nS = 5
S = [ 1 0 0 0 0 1 0 0 0 0 0 1 0 0 1 0 0 0 1 0 ]
