n = 20 ; 
T = 24 ; 
Init = [ 1 1 1 1 1 1 1 1 1 0 0 0 0 0 0 1 1 1 1 1 ]
L = [ 9 9 9 9 9 9 6 6 6 7 7 7 7 7 7 6 6 8 8 8 ]
l = [ 9 9 9 9 9 9 6 6 6 7 7 7 7 7 7 6 6 8 8 8 ]
Pmin = [ 94 94 94 94 94 94 67 67 67 76 76 76 76 76 76 68 68 97 97 97 ]
Pmax = [ 94 94 94 94 94 94 67 67 67 76 76 76 76 76 76 68 68 97 97 97 ]
cf = [ 32.6655 32.6655 32.6655 32.6655 32.6655 32.6655 31.8273 31.8273 31.8273 24.9636 24.9636 24.9636 24.9636 24.9636 24.9636 31.648 31.648 14.6807 14.6807 14.6807 ]
c0 = [ 237 237 237 237 237 237 194 194 194 212 212 212 212 212 212 178 178 242 242 242 ]
cp = [ 13.7694 13.7694 13.7694 13.7694 13.7694 13.7694 18.3945 18.3945 18.3945 26.7313 26.7313 26.7313 26.7313 26.7313 26.7313 20.3639 20.3639 18.6586 18.6586 18.6586 ]
D = [ 379 472 525 635 739 812 917 955 1086 1133 1219 1315 1400 1281 1186 1027 950 792 975 1058 1239 1016 773 565 ]
K = 5
nk = [ 1 1 1 1 1 1 2 2 2 3 3 3 3 3 3 4 4 5 5 5 ]
First = [ 1 0 0 0 0 0 1 0 0 1 0 0 0 0 0 1 0 1 0 0 ]
Last = [ 0 0 0 0 0 1 0 0 1 0 0 0 0 0 1 0 1 0 0 1 ]
nS = 5
S = [ 1 0 0 0 0 0 1 0 0 1 0 0 0 0 0 1 0 1 0 0 ]
