n = 20 ; 
T = 24 ; 
Init = [ 0 0 1 1 1 1 1 1 1 0 0 1 1 1 1 1 1 1 1 1 ]
L = [ 7 7 4 4 4 4 4 4 4 3 3 9 9 9 4 4 7 7 7 7 ]
l = [ 7 7 4 4 4 4 4 4 4 3 3 9 9 9 4 4 7 7 7 7 ]
Pmin = [ 80 80 39 39 39 39 40 40 32 29 29 88 88 88 43 43 79 79 79 79 ]
Pmax = [ 80 80 39 39 39 39 40 40 32 29 29 88 88 88 43 43 79 79 79 79 ]
cf = [ 29.8102 29.8102 45.8239 45.8239 45.8239 45.8239 33.5733 33.5733 60.5345 65.5736 65.5736 58.3385 58.3385 58.3385 66.0095 66.0095 35.0589 35.0589 35.0589 35.0589 ]
c0 = [ 215 215 108 108 108 108 112 112 90 90 90 235 235 235 130 130 207 207 207 207 ]
cp = [ 23.7576 23.7576 39.0162 39.0162 39.0162 39.0162 38.3579 38.3579 24.7799 37.598 37.598 14.8682 14.8682 14.8682 28.9118 28.9118 31.5872 31.5872 31.5872 31.5872 ]
D = [ 318 379 409 477 505 577 647 687 750 793 837 895 944 841 779 737 661 567 648 717 836 670 556 416 ]
K = 8
nk = [ 1 1 2 2 2 2 3 3 4 5 5 6 6 6 7 7 8 8 8 8 ]
First = [ 1 0 1 0 0 0 1 0 1 1 0 1 0 0 1 0 1 0 0 0 ]
Last = [ 0 1 0 0 0 1 0 1 1 0 1 0 0 1 0 1 0 0 0 1 ]
nS = 8
S = [ 1 0 1 0 0 0 1 0 1 1 0 1 0 0 1 0 1 0 0 0 ]
