n = 20 ; 
T = 24 ; 
Init = [ 0 1 1 1 1 1 1 1 1 1 1 1 1 1 1 1 1 1 1 1 ]
L = [ 7 9 9 9 9 9 9 9 9 9 4 4 4 4 4 4 4 4 4 4 ]
l = [ 7 9 9 9 9 9 9 9 9 9 4 4 4 4 4 4 4 4 4 4 ]
Pmin = [ 79 100 100 100 100 100 100 100 100 100 36 36 36 36 36 36 36 36 36 36 ]
Pmax = [ 79 100 100 100 100 100 100 100 100 100 36 36 36 36 36 36 36 36 36 36 ]
cf = [ 65.6894 52.8188 52.8188 52.8188 52.8188 52.8188 52.8188 52.8188 52.8188 52.8188 37.66 37.66 37.66 37.66 37.66 37.66 37.66 37.66 37.66 37.66 ]
c0 = [ 200 250 250 250 250 250 250 250 250 250 118 118 118 118 118 118 118 118 118 118 ]
cp = [ 25.3052 10.7357 10.7357 10.7357 10.7357 10.7357 10.7357 10.7357 10.7357 10.7357 29.4388 29.4388 29.4388 29.4388 29.4388 29.4388 29.4388 29.4388 29.4388 29.4388 ]
D = [ 296 415 467 542 633 665 758 838 911 984 1054 1116 1216 1068 979 866 759 662 773 925 1078 865 694 464 ]
K = 3
nk = [ 1 2 2 2 2 2 2 2 2 2 3 3 3 3 3 3 3 3 3 3 ]
First = [ 1 1 0 0 0 0 0 0 0 0 1 0 0 0 0 0 0 0 0 0 ]
Last = [ 1 0 0 0 0 0 0 0 0 1 0 0 0 0 0 0 0 0 0 1 ]
nS = 3
S = [ 1 1 0 0 0 0 0 0 0 0 1 0 0 0 0 0 0 0 0 0 ]
