n = 20 ; 
T = 24 ; 
Init = [ 0 0 0 0 0 1 1 0 0 0 0 0 0 0 0 0 0 0 0 0 ]
L = [ 7 7 7 7 7 4 4 5 5 5 5 5 6 6 4 4 4 4 8 8 ]
l = [ 7 7 7 7 7 4 4 5 5 5 5 5 6 6 4 4 4 4 8 8 ]
Pmin = [ 81 81 81 81 81 40 37 48 48 48 48 48 62 62 37 37 37 37 89 89 ]
Pmax = [ 81 81 81 81 81 40 37 48 48 48 48 48 62 62 37 37 37 37 89 89 ]
cf = [ 29.9499 29.9499 29.9499 29.9499 29.9499 16.4512 17.6553 50.8855 50.8855 50.8855 50.8855 50.8855 33.4135 33.4135 18.4019 18.4019 18.4019 18.4019 69.3953 69.3953 ]
c0 = [ 221 221 221 221 221 124 108 143 143 143 143 143 164 164 107 107 107 107 240 240 ]
cp = [ 24.1717 24.1717 24.1717 24.1717 24.1717 33.322 33.5423 30.6903 30.6903 30.6903 30.6903 30.6903 23.4782 23.4782 38.1206 38.1206 38.1206 38.1206 14.31 14.31 ]
D = [ 340 380 457 509 562 587 629 672 744 811 842 902 961 869 804 728 661 625 674 754 816 717 565 451 ]
K = 7
nk = [ 1 1 1 1 1 2 3 4 4 4 4 4 5 5 6 6 6 6 7 7 ]
First = [ 1 0 0 0 0 1 1 1 0 0 0 0 1 0 1 0 0 0 1 0 ]
Last = [ 0 0 0 0 1 1 1 0 0 0 0 1 0 1 0 0 0 1 0 1 ]
nS = 7
S = [ 1 0 0 0 0 1 1 1 0 0 0 0 1 0 1 0 0 0 1 0 ]
