n = 20 ; 
T = 48 ; 
Init = [ 1 1 1 0 0 1 1 1 1 0 0 1 1 1 1 1 0 0 0 0 ]
L = [ 9 9 9 7 7 3 3 3 3 3 3 6 6 6 6 6 5 5 5 5 ]
l = [ 9 9 9 7 7 3 3 3 3 3 3 6 6 6 6 6 5 5 5 5 ]
Pmin = [ 94 94 94 70 70 21 21 21 21 23 23 66 66 66 66 66 61 61 61 61 ]
Pmax = [ 94 94 94 70 70 21 21 21 21 23 23 66 66 66 66 66 61 61 61 61 ]
cf = [ 56.0098 56.0098 56.0098 32.7208 32.7208 14.3947 14.3947 14.3947 14.3947 22.8721 22.8721 8.8166 8.8166 8.8166 8.8166 8.8166 49.5018 49.5018 49.5018 49.5018 ]
c0 = [ 249 249 249 197 197 73 73 73 73 76 76 172 172 172 172 172 169 169 169 169 ]
cp = [ 18.2411 18.2411 18.2411 18.041 18.041 38.6925 38.6925 38.6925 38.6925 34.2194 34.2194 23.3293 23.3293 23.3293 23.3293 23.3293 28.8043 28.8043 28.8043 28.8043 ]
D = [ 236 320 394 447 513 562 616 665 746 806 845 910 985 883 783 684 608 537 615 745 844 695 571 435 293 347 412 451 520 579 670 728 780 816 895 949 1009 906 833 737 668 585 668 739 840 691 588 464 ]
K = 6
nk = [ 1 1 1 2 2 3 3 3 3 4 4 5 5 5 5 5 6 6 6 6 ]
First = [ 1 0 0 1 0 1 0 0 0 1 0 1 0 0 0 0 1 0 0 0 ]
Last = [ 0 0 1 0 1 0 0 0 1 0 1 0 0 0 0 1 0 0 0 1 ]
nS = 6
S = [ 1 0 0 1 0 1 0 0 0 1 0 1 0 0 0 0 1 0 0 0 ]
