n = 20 ; 
T = 48 ; 
Init = [ 1 1 0 0 0 0 0 1 1 1 1 1 0 0 0 0 0 0 0 0 ]
L = [ 4 4 8 8 8 8 8 5 5 5 5 5 4 4 4 4 4 4 4 4 ]
l = [ 4 4 8 8 8 8 8 5 5 5 5 5 4 4 4 4 4 4 4 4 ]
Pmin = [ 42 42 90 90 90 90 90 57 57 57 57 57 44 44 44 44 44 44 44 44 ]
Pmax = [ 42 42 90 90 90 90 90 57 57 57 57 57 44 44 44 44 44 44 44 44 ]
cf = [ 28.4863 28.4863 60.7854 60.7854 60.7854 60.7854 60.7854 28.6541 28.6541 28.6541 28.6541 28.6541 20.9122 20.9122 20.9122 20.9122 20.9122 20.9122 20.9122 20.9122 ]
c0 = [ 120 120 233 233 233 233 233 160 160 160 160 160 118 118 118 118 118 118 118 118 ]
cp = [ 29.5694 29.5694 21.164 21.164 21.164 21.164 21.164 23.7175 23.7175 23.7175 23.7175 23.7175 27.9544 27.9544 27.9544 27.9544 27.9544 27.9544 27.9544 27.9544 ]
D = [ 244 339 386 449 495 567 587 657 705 766 822 889 927 887 812 737 638 576 702 797 914 783 605 464 323 364 423 498 529 595 660 706 782 862 899 980 1013 919 840 766 673 592 709 797 895 724 594 495 ]
K = 4
nk = [ 1 1 2 2 2 2 2 3 3 3 3 3 4 4 4 4 4 4 4 4 ]
First = [ 1 0 1 0 0 0 0 1 0 0 0 0 1 0 0 0 0 0 0 0 ]
Last = [ 0 1 0 0 0 0 1 0 0 0 0 1 0 0 0 0 0 0 0 1 ]
nS = 4
S = [ 1 0 1 0 0 0 0 1 0 0 0 0 1 0 0 0 0 0 0 0 ]
