n = 20 ; 
T = 48 ; 
Init = [ 0 0 0 1 1 1 1 1 1 0 0 0 0 0 0 0 0 1 0 0 ]
L = [ 7 7 7 3 3 3 3 3 3 3 3 3 3 9 4 4 4 4 5 5 ]
l = [ 7 7 7 3 3 3 3 3 3 3 3 3 3 9 4 4 4 4 5 5 ]
Pmin = [ 84 84 84 32 32 32 32 32 32 31 31 31 31 97 40 40 40 43 56 56 ]
Pmax = [ 84 84 84 32 32 32 32 32 32 31 31 31 31 97 40 40 40 43 56 56 ]
cf = [ 24.3465 24.3465 24.3465 50.9003 50.9003 50.9003 50.9003 50.9003 50.9003 47.6047 47.6047 47.6047 47.6047 63.7465 10.1442 10.1442 10.1442 7.3695 41.0527 41.0527 ]
c0 = [ 213 213 213 93 93 93 93 93 93 103 103 103 103 250 124 124 124 117 163 163 ]
cp = [ 22.6859 22.6859 22.6859 38.8044 38.8044 38.8044 38.8044 38.8044 38.8044 36.7757 36.7757 36.7757 36.7757 13.6545 36.9646 36.9646 36.9646 26.7258 28.2014 28.2014 ]
D = [ 197 263 288 352 402 457 503 532 585 640 674 726 764 730 659 592 551 491 564 627 708 596 455 340 240 269 345 372 417 472 540 555 610 660 718 782 819 762 659 600 530 456 537 628 752 607 488 364 ]
K = 7
nk = [ 1 1 1 2 2 2 2 2 2 3 3 3 3 4 5 5 5 6 7 7 ]
First = [ 1 0 0 1 0 0 0 0 0 1 0 0 0 1 1 0 0 1 1 0 ]
Last = [ 0 0 1 0 0 0 0 0 1 0 0 0 1 1 0 0 1 1 0 1 ]
nS = 7
S = [ 1 0 0 1 0 0 0 0 0 1 0 0 0 1 1 0 0 1 1 0 ]
