n = 20 ; 
T = 48 ; 
Init = [ 1 1 1 1 1 1 1 1 1 1 0 1 0 0 1 1 1 1 0 0 ]
L = [ 7 7 7 7 7 7 7 7 7 7 4 8 3 3 3 3 3 3 3 3 ]
l = [ 7 7 7 7 7 7 7 7 7 7 4 8 3 3 3 3 3 3 3 3 ]
Pmin = [ 80 80 80 80 80 80 80 80 80 80 41 88 26 26 29 29 29 29 19 19 ]
Pmax = [ 80 80 80 80 80 80 80 80 80 80 41 88 26 26 29 29 29 29 19 19 ]
cf = [ 50.4015 50.4015 50.4015 50.4015 50.4015 50.4015 50.4015 50.4015 50.4015 50.4015 18.8525 39.3504 56.4843 56.4843 56.2018 56.2018 56.2018 56.2018 30.4413 30.4413 ]
c0 = [ 216 216 216 216 216 216 216 216 216 216 131 228 85 85 84 84 84 84 78 78 ]
cp = [ 25.6623 25.6623 25.6623 25.6623 25.6623 25.6623 25.6623 25.6623 25.6623 25.6623 37.4463 23.5958 39.864 39.864 36.6811 36.6811 36.6811 36.6811 37.6171 37.6171 ]
D = [ 354 385 441 518 565 617 673 742 809 832 901 950 1021 919 869 765 668 584 695 807 884 736 586 420 248 267 349 387 451 509 582 642 700 740 811 881 934 873 788 699 673 568 678 773 887 769 601 454 ]
K = 6
nk = [ 1 1 1 1 1 1 1 1 1 1 2 3 4 4 5 5 5 5 6 6 ]
First = [ 1 0 0 0 0 0 0 0 0 0 1 1 1 0 1 0 0 0 1 0 ]
Last = [ 0 0 0 0 0 0 0 0 0 1 1 1 0 1 0 0 0 1 0 1 ]
nS = 6
S = [ 1 0 0 0 0 0 0 0 0 0 1 1 1 0 1 0 0 0 1 0 ]
