n = 20 ; 
T = 48 ; 
Init = [ 0 0 0 0 0 0 0 0 0 0 0 0 0 0 0 0 1 1 1 1 ]
L = [ 8 8 8 8 8 8 9 9 9 9 9 9 9 9 9 9 4 4 4 4 ]
l = [ 8 8 8 8 8 8 9 9 9 9 9 9 9 9 9 9 4 4 4 4 ]
Pmin = [ 87 87 87 87 87 87 100 100 100 100 100 100 100 100 100 100 35 35 35 35 ]
Pmax = [ 87 87 87 87 87 87 100 100 100 100 100 100 100 100 100 100 35 35 35 35 ]
cf = [ 32.4422 32.4422 32.4422 32.4422 32.4422 32.4422 38.5903 38.5903 38.5903 38.5903 38.5903 38.5903 38.5903 38.5903 38.5903 38.5903 32.4679 32.4679 32.4679 32.4679 ]
c0 = [ 223 223 223 223 223 223 250 250 250 250 250 250 250 250 250 250 108 108 108 108 ]
cp = [ 10.6994 10.6994 10.6994 10.6994 10.6994 10.6994 11.343 11.343 11.343 11.343 11.343 11.343 11.343 11.343 11.343 11.343 27.7495 27.7495 27.7495 27.7495 ]
D = [ 465 589 648 726 763 864 897 1007 1035 1111 1208 1274 1345 1236 1144 1048 924 857 990 1140 1246 1057 802 571 346 468 535 651 696 771 854 929 1034 1090 1189 1232 1316 1219 1138 1021 864 787 899 1096 1197 1021 752 523 ]
K = 3
nk = [ 1 1 1 1 1 1 2 2 2 2 2 2 2 2 2 2 3 3 3 3 ]
First = [ 1 0 0 0 0 0 1 0 0 0 0 0 0 0 0 0 1 0 0 0 ]
Last = [ 0 0 0 0 0 1 0 0 0 0 0 0 0 0 0 1 0 0 0 1 ]
nS = 3
S = [ 1 0 0 0 0 0 1 0 0 0 0 0 0 0 0 0 1 0 0 0 ]
