n = 20 ; 
T = 48 ; 
Init = [ 0 0 0 1 1 1 1 1 1 0 0 1 1 0 0 0 0 0 0 0 ]
L = [ 7 7 7 4 4 4 4 4 4 5 5 2 2 3 3 9 9 9 6 6 ]
l = [ 7 7 7 4 4 4 4 4 4 5 5 2 2 3 3 9 9 9 6 6 ]
Pmin = [ 74 74 74 37 37 37 37 37 37 58 58 17 17 36 36 100 100 100 63 63 ]
Pmax = [ 74 74 74 37 37 37 37 37 37 58 58 17 17 36 36 100 100 100 63 63 ]
cf = [ 24.7612 24.7612 24.7612 64.1118 64.1118 64.1118 64.1118 64.1118 64.1118 43.6782 43.6782 21.5855 21.5855 37.5127 37.5127 11.4062 11.4062 11.4062 59.6836 59.6836 ]
c0 = [ 193 193 193 106 106 106 106 106 106 157 157 71 71 117 117 250 250 250 164 164 ]
cp = [ 23.5271 23.5271 23.5271 33.6111 33.6111 33.6111 33.6111 33.6111 33.6111 37.431 37.431 40.0851 40.0851 37.4952 37.4952 14.221 14.221 14.221 23.9991 23.9991 ]
D = [ 237 283 375 429 486 518 575 659 720 762 814 900 932 845 753 704 608 515 639 729 853 720 575 441 305 382 418 456 523 553 590 672 701 763 804 859 914 817 767 700 598 541 622 714 788 641 539 400 ]
K = 7
nk = [ 1 1 1 2 2 2 2 2 2 3 3 4 4 5 5 6 6 6 7 7 ]
First = [ 1 0 0 1 0 0 0 0 0 1 0 1 0 1 0 1 0 0 1 0 ]
Last = [ 0 0 1 0 0 0 0 0 1 0 1 0 1 0 1 0 0 1 0 1 ]
nS = 7
S = [ 1 0 0 1 0 0 0 0 0 1 0 1 0 1 0 1 0 0 1 0 ]
