n = 20 ; 
T = 48 ; 
Init = [ 1 1 1 0 0 0 0 0 0 0 0 0 0 0 0 1 1 1 1 1 ]
L = [ 9 9 9 7 7 7 6 6 6 6 10 10 10 10 10 5 5 5 5 5 ]
l = [ 9 9 9 7 7 7 6 6 6 6 10 10 10 10 10 5 5 5 5 5 ]
Pmin = [ 98 98 98 75 75 75 63 63 63 63 100 100 100 100 100 58 58 58 58 58 ]
Pmax = [ 98 98 98 75 75 75 63 63 63 63 100 100 100 100 100 58 58 58 58 58 ]
cf = [ 23.55 23.55 23.55 48.8621 48.8621 48.8621 66.1319 66.1319 66.1319 66.1319 17.9373 17.9373 17.9373 17.9373 17.9373 64.8326 64.8326 64.8326 64.8326 64.8326 ]
c0 = [ 250 250 250 207 207 207 173 173 173 173 250 250 250 250 250 163 163 163 163 163 ]
cp = [ 12.4851 12.4851 12.4851 20.7366 20.7366 20.7366 21.4843 21.4843 21.4843 21.4843 9.2146 9.2146 9.2146 9.2146 9.2146 31.5201 31.5201 31.5201 31.5201 31.5201 ]
D = [ 451 550 610 672 757 783 900 948 990 1060 1154 1251 1326 1195 1078 991 835 764 908 1045 1237 986 787 649 398 492 580 629 712 792 855 956 1020 1123 1196 1259 1323 1230 1104 1018 856 754 913 1018 1128 926 790 634 ]
K = 5
nk = [ 1 1 1 2 2 2 3 3 3 3 4 4 4 4 4 5 5 5 5 5 ]
First = [ 1 0 0 1 0 0 1 0 0 0 1 0 0 0 0 1 0 0 0 0 ]
Last = [ 0 0 1 0 0 1 0 0 0 1 0 0 0 0 1 0 0 0 0 1 ]
nS = 5
S = [ 1 0 0 1 0 0 1 0 0 0 1 0 0 0 0 1 0 0 0 0 ]
