n = 20 ; 
T = 48 ; 
Init = [ 0 0 0 0 0 1 0 0 0 0 1 1 1 1 1 1 1 1 0 0 ]
L = [ 7 8 8 8 8 5 5 5 5 5 6 6 5 5 5 5 5 5 3 3 ]
l = [ 7 8 8 8 8 5 5 5 5 5 6 6 5 5 5 5 5 5 3 3 ]
Pmin = [ 75 86 86 86 86 53 50 50 50 50 61 61 58 58 58 58 50 50 31 31 ]
Pmax = [ 75 86 86 86 86 53 50 50 50 50 61 61 58 58 58 58 50 50 31 31 ]
cf = [ 39.9527 61.4926 61.4926 61.4926 61.4926 45.1593 42.8249 42.8249 42.8249 42.8249 53.9694 53.9694 18.7284 18.7284 18.7284 18.7284 45.3516 45.3516 41.9213 41.9213 ]
c0 = [ 203 221 221 221 221 140 148 148 148 148 173 173 168 168 168 168 139 139 88 88 ]
cp = [ 19.8436 13.2339 13.2339 13.2339 13.2339 28.6895 28.4308 28.4308 28.4308 28.4308 26.384 26.384 29.0699 29.0699 29.0699 29.0699 28.9177 28.9177 38.6074 38.6074 ]
D = [ 267 312 380 445 533 579 658 714 748 825 890 944 1042 960 851 775 670 595 676 754 856 708 542 414 261 312 378 465 522 591 655 743 781 886 946 999 1058 947 873 769 678 560 683 800 888 762 607 493 ]
K = 8
nk = [ 1 2 2 2 2 3 4 4 4 4 5 5 6 6 6 6 7 7 8 8 ]
First = [ 1 1 0 0 0 1 1 0 0 0 1 0 1 0 0 0 1 0 1 0 ]
Last = [ 1 0 0 0 1 1 0 0 0 1 0 1 0 0 0 1 0 1 0 1 ]
nS = 8
S = [ 1 1 0 0 0 1 1 0 0 0 1 0 1 0 0 0 1 0 1 0 ]
