n = 20 ; 
T = 48 ; 
Init = [ 0 0 0 0 0 1 1 1 1 1 1 0 1 0 0 0 0 1 1 1 ]
L = [ 9 9 9 2 2 8 8 8 8 8 8 9 8 7 7 7 7 3 3 3 ]
l = [ 9 9 9 2 2 8 8 8 8 8 8 9 8 7 7 7 7 3 3 3 ]
Pmin = [ 89 89 89 12 12 80 80 80 80 80 80 98 82 75 75 75 75 31 31 31 ]
Pmax = [ 89 89 89 12 12 80 80 80 80 80 80 98 82 75 75 75 75 31 31 31 ]
cf = [ 56.2585 56.2585 56.2585 47.4271 47.4271 35.8673 35.8673 35.8673 35.8673 35.8673 35.8673 53.6531 21.8144 45.9309 45.9309 45.9309 45.9309 16.7311 16.7311 16.7311 ]
c0 = [ 233 233 233 41 41 214 214 214 214 214 214 245 222 205 205 205 205 98 98 98 ]
cp = [ 18.9011 18.9011 18.9011 41.97 41.97 26.035 26.035 26.035 26.035 26.035 26.035 10.3522 20.2777 21.238 21.238 21.238 21.238 37.998 37.998 37.998 ]
D = [ 325 387 459 481 563 648 727 748 823 916 964 1059 1128 1012 922 872 773 707 809 892 1011 844 707 552 367 461 479 548 647 672 755 817 854 943 1013 1075 1144 1030 937 871 751 639 751 843 975 795 631 430 ]
K = 7
nk = [ 1 1 1 2 2 3 3 3 3 3 3 4 5 6 6 6 6 7 7 7 ]
First = [ 1 0 0 1 0 1 0 0 0 0 0 1 1 1 0 0 0 1 0 0 ]
Last = [ 0 0 1 0 1 0 0 0 0 0 1 1 1 0 0 0 1 0 0 1 ]
nS = 7
S = [ 1 0 0 1 0 1 0 0 0 0 0 1 1 1 0 0 0 1 0 0 ]
