n = 20 ; 
T = 48 ; 
Init = [ 0 0 0 0 0 0 1 1 1 1 1 1 1 0 0 0 0 0 0 0 ]
L = [ 8 8 8 8 8 8 6 6 6 6 6 6 10 3 3 3 3 3 3 4 ]
l = [ 8 8 8 8 8 8 6 6 6 6 6 6 10 3 3 3 3 3 3 4 ]
Pmin = [ 92 92 92 92 92 92 61 61 61 61 61 61 99 20 20 20 20 20 20 42 ]
Pmax = [ 92 92 92 92 92 92 61 61 61 61 61 61 99 20 20 20 20 20 20 42 ]
cf = [ 41.6993 41.6993 41.6993 41.6993 41.6993 41.6993 45.0742 45.0742 45.0742 45.0742 45.0742 45.0742 67.1104 30.8941 30.8941 30.8941 30.8941 30.8941 30.8941 22.8739 ]
c0 = [ 249 249 249 249 249 249 158 158 158 158 158 158 250 76 76 76 76 76 76 130 ]
cp = [ 16.1434 16.1434 16.1434 16.1434 16.1434 16.1434 27.9154 27.9154 27.9154 27.9154 27.9154 27.9154 8.96988 35.8939 35.8939 35.8939 35.8939 35.8939 35.8939 34.5713 ]
D = [ 281 300 382 441 474 527 591 673 696 780 809 894 946 871 813 715 649 597 710 810 901 746 618 470 280 336 424 455 535 579 633 710 760 792 882 912 964 897 831 739 638 592 701 816 927 742 603 426 ]
K = 5
nk = [ 1 1 1 1 1 1 2 2 2 2 2 2 3 4 4 4 4 4 4 5 ]
First = [ 1 0 0 0 0 0 1 0 0 0 0 0 1 1 0 0 0 0 0 1 ]
Last = [ 0 0 0 0 0 1 0 0 0 0 0 1 1 0 0 0 0 0 1 1 ]
nS = 5
S = [ 1 0 0 0 0 0 1 0 0 0 0 0 1 1 0 0 0 0 0 1 ]
