n = 20 ; 
T = 48 ; 
Init = [ 0 0 1 1 0 0 0 0 1 1 1 1 0 0 0 0 0 0 0 0 ]
L = [ 7 5 10 10 5 5 5 5 4 4 4 4 7 7 7 7 7 7 8 8 ]
l = [ 7 5 10 10 5 5 5 5 4 4 4 4 7 7 7 7 7 7 8 8 ]
Pmin = [ 79 55 100 100 59 59 59 59 32 32 32 32 80 80 80 80 80 80 91 91 ]
Pmax = [ 79 55 100 100 59 59 59 59 32 32 32 32 80 80 80 80 80 80 91 91 ]
cf = [ 54.9249 30.3698 15.2894 15.2894 33.3456 33.3456 33.3456 33.3456 62.8662 62.8662 62.8662 62.8662 43.5724 43.5724 43.5724 43.5724 43.5724 43.5724 25.7002 25.7002 ]
c0 = [ 215 156 250 250 166 166 166 166 109 109 109 109 225 225 225 225 225 225 249 249 ]
cp = [ 11.8087 28.6492 8.5039 8.5039 26.7996 26.7996 26.7996 26.7996 36.068 36.068 36.068 36.068 19.7554 19.7554 19.7554 19.7554 19.7554 19.7554 13.0895 13.0895 ]
D = [ 318 387 435 529 567 674 728 799 893 963 1005 1083 1137 1058 992 899 797 724 820 886 967 797 664 528 356 442 505 555 618 704 775 820 890 961 1030 1153 1196 1096 974 906 775 704 766 847 981 763 635 444 ]
K = 7
nk = [ 1 2 3 3 4 4 4 4 5 5 5 5 6 6 6 6 6 6 7 7 ]
First = [ 1 1 1 0 1 0 0 0 1 0 0 0 1 0 0 0 0 0 1 0 ]
Last = [ 1 1 0 1 0 0 0 1 0 0 0 1 0 0 0 0 0 1 0 1 ]
nS = 7
S = [ 1 1 1 0 1 0 0 0 1 0 0 0 1 0 0 0 0 0 1 0 ]
