n = 20 ; 
T = 48 ; 
Init = [ 0 0 0 1 1 1 1 1 0 1 1 1 1 1 0 0 0 0 0 1 ]
L = [ 9 9 9 4 4 4 4 4 7 5 5 5 5 5 6 6 6 6 6 10 ]
l = [ 9 9 9 4 4 4 4 4 7 5 5 5 5 5 6 6 6 6 6 10 ]
Pmin = [ 98 98 98 34 34 34 34 34 74 50 50 50 50 50 63 63 63 63 63 100 ]
Pmax = [ 98 98 98 34 34 34 34 34 74 50 50 50 50 50 63 63 63 63 63 100 ]
cf = [ 55.9922 55.9922 55.9922 28.4027 28.4027 28.4027 28.4027 28.4027 40.8548 67.4653 67.4653 67.4653 67.4653 67.4653 42.7187 42.7187 42.7187 42.7187 42.7187 64.0203 ]
c0 = [ 250 250 250 103 103 103 103 103 194 142 142 142 142 142 174 174 174 174 174 250 ]
cp = [ 10.4047 10.4047 10.4047 31.0089 31.0089 31.0089 31.0089 31.0089 16.4548 30.6432 30.6432 30.6432 30.6432 30.6432 27.9174 27.9174 27.9174 27.9174 27.9174 10.2451 ]
D = [ 351 392 469 506 564 650 713 749 797 880 897 961 1015 936 864 757 659 598 660 764 862 734 567 450 293 380 426 480 540 615 670 761 794 876 910 970 1062 954 860 767 679 619 691 756 837 704 608 432 ]
K = 6
nk = [ 1 1 1 2 2 2 2 2 3 4 4 4 4 4 5 5 5 5 5 6 ]
First = [ 1 0 0 1 0 0 0 0 1 1 0 0 0 0 1 0 0 0 0 1 ]
Last = [ 0 0 1 0 0 0 0 1 1 0 0 0 0 1 0 0 0 0 1 1 ]
nS = 6
S = [ 1 0 0 1 0 0 0 0 1 1 0 0 0 0 1 0 0 0 0 1 ]
