n = 20 ; 
T = 48 ; 
Init = [ 0 0 0 1 1 1 1 0 0 0 0 0 0 0 0 0 0 0 0 0 ]
L = [ 5 5 5 5 5 5 5 3 3 3 3 3 3 9 9 9 9 9 10 10 ]
l = [ 5 5 5 5 5 5 5 3 3 3 3 3 3 9 9 9 9 9 10 10 ]
Pmin = [ 46 46 46 49 49 49 49 26 26 26 26 26 26 97 97 97 97 97 100 100 ]
Pmax = [ 46 46 46 49 49 49 49 26 26 26 26 26 26 97 97 97 97 97 100 100 ]
cf = [ 65.9935 65.9935 65.9935 36.5731 36.5731 36.5731 36.5731 46.0456 46.0456 46.0456 46.0456 46.0456 46.0456 46.375 46.375 46.375 46.375 46.375 30.093 30.093 ]
c0 = [ 123 123 123 138 138 138 138 86 86 86 86 86 86 250 250 250 250 250 250 250 ]
cp = [ 37.235 37.235 37.235 27.2298 27.2298 27.2298 27.2298 38.4746 38.4746 38.4746 38.4746 38.4746 38.4746 10.7626 10.7626 10.7626 10.7626 10.7626 11.8498 11.8498 ]
D = [ 248 300 381 454 520 556 648 693 784 829 908 990 1023 953 862 766 665 579 702 791 938 751 585 443 283 365 406 481 532 626 655 723 797 850 943 996 1063 968 878 765 676 585 676 805 924 759 597 466 ]
K = 5
nk = [ 1 1 1 2 2 2 2 3 3 3 3 3 3 4 4 4 4 4 5 5 ]
First = [ 1 0 0 1 0 0 0 1 0 0 0 0 0 1 0 0 0 0 1 0 ]
Last = [ 0 0 1 0 0 0 1 0 0 0 0 0 1 0 0 0 0 1 0 1 ]
nS = 5
S = [ 1 0 0 1 0 0 0 1 0 0 0 0 0 1 0 0 0 0 1 0 ]
