n = 20 ; 
T = 48 ; 
Init = [ 1 1 1 1 1 1 1 0 0 0 0 0 0 0 0 0 1 1 1 0 ]
L = [ 8 8 8 8 8 8 8 8 8 8 8 8 8 8 8 8 9 9 9 3 ]
l = [ 8 8 8 8 8 8 8 8 8 8 8 8 8 8 8 8 9 9 9 3 ]
Pmin = [ 81 81 81 81 81 81 81 80 80 80 80 80 80 80 80 80 83 83 83 34 ]
Pmax = [ 81 81 81 81 81 81 81 80 80 80 80 80 80 80 80 80 83 83 83 34 ]
cf = [ 13.1323 13.1323 13.1323 13.1323 13.1323 13.1323 13.1323 17.6117 17.6117 17.6117 17.6117 17.6117 17.6117 17.6117 17.6117 17.6117 48.1968 48.1968 48.1968 38.8263 ]
c0 = [ 212 212 212 212 212 212 212 218 218 218 218 218 218 218 218 218 224 224 224 103 ]
cp = [ 19.2186 19.2186 19.2186 19.2186 19.2186 19.2186 19.2186 17.2316 17.2316 17.2316 17.2316 17.2316 17.2316 17.2316 17.2316 17.2316 19.1633 19.1633 19.1633 35.0432 ]
D = [ 457 536 611 666 720 838 890 949 1035 1140 1160 1230 1316 1192 1094 1035 917 796 932 1072 1244 1009 785 599 343 470 494 605 672 741 834 883 994 1010 1135 1215 1242 1189 1044 943 838 742 876 1066 1202 986 796 636 ]
K = 4
nk = [ 1 1 1 1 1 1 1 2 2 2 2 2 2 2 2 2 3 3 3 4 ]
First = [ 1 0 0 0 0 0 0 1 0 0 0 0 0 0 0 0 1 0 0 1 ]
Last = [ 0 0 0 0 0 0 1 0 0 0 0 0 0 0 0 1 0 0 1 1 ]
nS = 4
S = [ 1 0 0 0 0 0 0 1 0 0 0 0 0 0 0 0 1 0 0 1 ]
