n = 20 ; 
T = 48 ; 
Init = [ 0 1 1 1 1 1 1 1 1 1 0 0 0 0 0 0 0 0 1 1 ]
L = [ 7 6 6 6 6 6 6 6 6 3 4 4 4 4 4 4 4 4 6 6 ]
l = [ 7 6 6 6 6 6 6 6 6 3 4 4 4 4 4 4 4 4 6 6 ]
Pmin = [ 79 61 61 61 61 61 61 61 61 30 48 48 48 48 48 48 48 48 61 61 ]
Pmax = [ 79 61 61 61 61 61 61 61 61 30 48 48 48 48 48 48 48 48 61 61 ]
cf = [ 34.4861 20.8105 20.8105 20.8105 20.8105 20.8105 20.8105 20.8105 20.8105 27.7634 26.1524 26.1524 26.1524 26.1524 26.1524 26.1524 26.1524 26.1524 40.4411 40.4411 ]
c0 = [ 213 159 159 159 159 159 159 159 159 98 146 146 146 146 146 146 146 146 165 165 ]
cp = [ 16.4116 25.8792 25.8792 25.8792 25.8792 25.8792 25.8792 25.8792 25.8792 38.6225 30.3918 30.3918 30.3918 30.3918 30.3918 30.3918 30.3918 30.3918 25.335 25.335 ]
D = [ 301 329 393 443 530 563 629 662 744 808 852 921 956 861 810 719 643 543 602 688 797 653 523 386 216 272 374 413 477 529 599 686 747 796 865 935 972 897 791 701 614 543 598 718 810 656 548 418 ]
K = 5
nk = [ 1 2 2 2 2 2 2 2 2 3 4 4 4 4 4 4 4 4 5 5 ]
First = [ 1 1 0 0 0 0 0 0 0 1 1 0 0 0 0 0 0 0 1 0 ]
Last = [ 1 0 0 0 0 0 0 0 1 1 0 0 0 0 0 0 0 1 0 1 ]
nS = 5
S = [ 1 1 0 0 0 0 0 0 0 1 1 0 0 0 0 0 0 0 1 0 ]
