n = 20 ; 
T = 48 ; 
Init = [ 0 0 0 0 0 0 0 0 0 0 0 0 0 0 0 0 0 0 0 0 ]
L = [ 4 4 4 4 4 4 4 4 4 2 2 2 2 2 3 3 3 3 3 3 ]
l = [ 4 4 4 4 4 4 4 4 4 2 2 2 2 2 3 3 3 3 3 3 ]
Pmin = [ 42 42 42 42 42 42 42 42 42 20 20 20 20 20 21 21 21 21 21 21 ]
Pmax = [ 42 42 42 42 42 42 42 42 42 20 20 20 20 20 21 21 21 21 21 21 ]
cf = [ 66.6064 66.6064 66.6064 66.6064 66.6064 66.6064 66.6064 66.6064 66.6064 29.5065 29.5065 29.5065 29.5065 29.5065 21.1994 21.1994 21.1994 21.1994 21.1994 21.1994 ]
c0 = [ 131 131 131 131 131 131 131 131 131 68 68 68 68 68 71 71 71 71 71 71 ]
cp = [ 34.1166 34.1166 34.1166 34.1166 34.1166 34.1166 34.1166 34.1166 34.1166 38.1989 38.1989 38.1989 38.1989 38.1989 34.2725 34.2725 34.2725 34.2725 34.2725 34.2725 ]
D = [ 152 188 220 250 270 308 344 374 409 445 465 505 530 479 448 391 343 311 351 392 436 367 294 230 168 184 207 252 268 313 321 367 393 424 448 479 497 461 418 388 343 314 364 393 446 371 301 203 ]
K = 3
nk = [ 1 1 1 1 1 1 1 1 1 2 2 2 2 2 3 3 3 3 3 3 ]
First = [ 1 0 0 0 0 0 0 0 0 1 0 0 0 0 1 0 0 0 0 0 ]
Last = [ 0 0 0 0 0 0 0 0 1 0 0 0 0 1 0 0 0 0 0 1 ]
nS = 3
S = [ 1 0 0 0 0 0 0 0 0 1 0 0 0 0 1 0 0 0 0 0 ]
