n = 20 ; 
T = 48 ; 
Init = [ 0 0 0 0 0 0 0 0 0 0 0 0 0 1 1 1 1 1 1 0 ]
L = [ 3 3 3 3 3 3 3 3 3 3 3 3 3 5 5 5 5 5 5 5 ]
l = [ 3 3 3 3 3 3 3 3 3 3 3 3 3 5 5 5 5 5 5 5 ]
Pmin = [ 25 25 25 25 27 27 27 31 31 31 31 31 31 56 56 56 56 56 56 51 ]
Pmax = [ 25 25 25 25 27 27 27 31 31 31 31 31 31 56 56 56 56 56 56 51 ]
cf = [ 56.0561 56.0561 56.0561 56.0561 57.619 57.619 57.619 25.3367 25.3367 25.3367 25.3367 25.3367 25.3367 59.8981 59.8981 59.8981 59.8981 59.8981 59.8981 26.3526 ]
c0 = [ 83 83 83 83 90 90 90 103 103 103 103 103 103 164 164 164 164 164 164 143 ]
cp = [ 39.5561 39.5561 39.5561 39.5561 38.9398 38.9398 38.9398 37.5641 37.5641 37.5641 37.5641 37.5641 37.5641 20.7288 20.7288 20.7288 20.7288 20.7288 20.7288 23.9179 ]
D = [ 187 210 261 304 347 378 414 458 503 526 583 603 653 608 545 487 451 383 452 515 556 468 391 268 201 214 259 293 349 367 405 453 499 541 567 596 657 597 542 483 411 350 435 507 582 471 383 267 ]
K = 5
nk = [ 1 1 1 1 2 2 2 3 3 3 3 3 3 4 4 4 4 4 4 5 ]
First = [ 1 0 0 0 1 0 0 1 0 0 0 0 0 1 0 0 0 0 0 1 ]
Last = [ 0 0 0 1 0 0 1 0 0 0 0 0 1 0 0 0 0 0 1 1 ]
nS = 5
S = [ 1 0 0 0 1 0 0 1 0 0 0 0 0 1 0 0 0 0 0 1 ]
