n = 20 ; 
T = 48 ; 
Init = [ 0 0 1 1 1 1 1 1 1 1 1 1 1 1 1 0 0 0 0 1 ]
L = [ 10 10 7 7 7 7 7 7 3 3 3 3 3 3 3 4 4 4 4 4 ]
l = [ 10 10 7 7 7 7 7 7 3 3 3 3 3 3 3 4 4 4 4 4 ]
Pmin = [ 100 100 74 74 74 74 74 74 29 29 29 29 29 29 29 38 38 38 38 39 ]
Pmax = [ 100 100 74 74 74 74 74 74 29 29 29 29 29 29 29 38 38 38 38 39 ]
cf = [ 12.9176 12.9176 22.7058 22.7058 22.7058 22.7058 22.7058 22.7058 56.589 56.589 56.589 56.589 56.589 56.589 56.589 17.9618 17.9618 17.9618 17.9618 34.7298 ]
c0 = [ 250 250 202 202 202 202 202 202 102 102 102 102 102 102 102 108 108 108 108 122 ]
cp = [ 10.8551 10.8551 17.1577 17.1577 17.1577 17.1577 17.1577 17.1577 38.3855 38.3855 38.3855 38.3855 38.3855 38.3855 38.3855 34.1521 34.1521 34.1521 34.1521 29.8554 ]
D = [ 200 285 352 406 462 534 588 651 704 773 806 861 942 857 746 669 590 492 610 695 809 683 535 403 274 320 356 420 474 546 608 632 698 763 782 858 896 820 743 651 592 525 624 738 831 672 557 413 ]
K = 5
nk = [ 1 1 2 2 2 2 2 2 3 3 3 3 3 3 3 4 4 4 4 5 ]
First = [ 1 0 1 0 0 0 0 0 1 0 0 0 0 0 0 1 0 0 0 1 ]
Last = [ 0 1 0 0 0 0 0 1 0 0 0 0 0 0 1 0 0 0 1 1 ]
nS = 5
S = [ 1 0 1 0 0 0 0 0 1 0 0 0 0 0 0 1 0 0 0 1 ]
