n = 20 ; 
T = 48 ; 
Init = [ 0 0 0 0 0 0 0 0 0 0 0 0 0 0 0 0 0 0 0 0 ]
L = [ 8 8 8 8 8 8 8 8 8 8 3 3 3 3 7 5 5 5 5 5 ]
l = [ 8 8 8 8 8 8 8 8 8 8 3 3 3 3 7 5 5 5 5 5 ]
Pmin = [ 86 86 86 86 86 86 86 86 86 86 25 25 25 25 81 44 44 44 44 44 ]
Pmax = [ 86 86 86 86 86 86 86 86 86 86 25 25 25 25 81 44 44 44 44 44 ]
cf = [ 26.2482 26.2482 26.2482 26.2482 26.2482 26.2482 26.2482 26.2482 26.2482 26.2482 58.2002 58.2002 58.2002 58.2002 60.9871 38.6979 38.6979 38.6979 38.6979 38.6979 ]
c0 = [ 237 237 237 237 237 237 237 237 237 237 78 78 78 78 216 131 131 131 131 131 ]
cp = [ 12.1489 12.1489 12.1489 12.1489 12.1489 12.1489 12.1489 12.1489 12.1489 12.1489 38.6796 38.6796 38.6796 38.6796 22.0086 31.0969 31.0969 31.0969 31.0969 31.0969 ]
D = [ 328 408 449 524 571 634 677 749 815 890 940 1006 1064 993 898 803 737 634 772 877 987 844 649 454 277 344 417 476 520 605 699 744 810 863 961 1039 1079 978 899 804 748 662 752 792 884 752 626 502 ]
K = 4
nk = [ 1 1 1 1 1 1 1 1 1 1 2 2 2 2 3 4 4 4 4 4 ]
First = [ 1 0 0 0 0 0 0 0 0 0 1 0 0 0 1 1 0 0 0 0 ]
Last = [ 0 0 0 0 0 0 0 0 0 1 0 0 0 1 1 0 0 0 0 1 ]
nS = 4
S = [ 1 0 0 0 0 0 0 0 0 0 1 0 0 0 1 1 0 0 0 0 ]
