n = 20 ; 
T = 48 ; 
Init = [ 0 0 0 0 0 0 0 0 0 0 0 0 0 0 0 0 0 0 1 1 ]
L = [ 5 5 5 5 5 6 6 6 6 6 6 6 6 6 6 6 6 6 2 2 ]
l = [ 5 5 5 5 5 6 6 6 6 6 6 6 6 6 6 6 6 6 2 2 ]
Pmin = [ 44 44 44 44 44 59 59 59 59 59 59 59 59 71 57 57 57 57 27 27 ]
Pmax = [ 44 44 44 44 44 59 59 59 59 59 59 59 59 71 57 57 57 57 27 27 ]
cf = [ 64.8504 64.8504 64.8504 64.8504 64.8504 15.5126 15.5126 15.5126 15.5126 15.5126 15.5126 15.5126 15.5126 11.9358 26.7189 26.7189 26.7189 26.7189 66.8427 66.8427 ]
c0 = [ 136 136 136 136 136 154 154 154 154 154 154 154 154 185 163 163 163 163 86 86 ]
cp = [ 24.3663 24.3663 24.3663 24.3663 24.3663 22.4665 22.4665 22.4665 22.4665 22.4665 22.4665 22.4665 22.4665 18.1232 17.4649 17.4649 17.4649 17.4649 40.3539 40.3539 ]
D = [ 282 316 397 442 502 518 591 617 673 714 767 841 888 829 721 672 595 515 606 659 732 602 474 344 220 287 312 400 455 517 571 634 677 749 774 849 924 836 730 682 601 518 590 711 771 636 487 362 ]
K = 5
nk = [ 1 1 1 1 1 2 2 2 2 2 2 2 2 3 4 4 4 4 5 5 ]
First = [ 1 0 0 0 0 1 0 0 0 0 0 0 0 1 1 0 0 0 1 0 ]
Last = [ 0 0 0 0 1 0 0 0 0 0 0 0 1 1 0 0 0 1 0 1 ]
nS = 5
S = [ 1 0 0 0 0 1 0 0 0 0 0 0 0 1 1 0 0 0 1 0 ]
