n = 20 ; 
T = 48 ; 
Init = [ 1 1 1 1 1 1 0 0 0 0 0 1 1 1 1 1 1 1 1 0 ]
L = [ 10 10 10 10 10 10 8 8 8 8 8 6 6 6 8 8 8 8 8 10 ]
l = [ 10 10 10 10 10 10 8 8 8 8 8 6 6 6 8 8 8 8 8 10 ]
Pmin = [ 100 100 100 100 100 100 82 82 82 82 82 68 60 60 75 75 88 88 88 98 ]
Pmax = [ 100 100 100 100 100 100 82 82 82 82 82 68 60 60 75 75 88 88 88 98 ]
cf = [ 33.8018 33.8018 33.8018 33.8018 33.8018 33.8018 13.6259 13.6259 13.6259 13.6259 13.6259 39.5347 48.843 48.843 40.0501 40.0501 44.3327 44.3327 44.3327 68.1004 ]
c0 = [ 250 250 250 250 250 250 225 225 225 225 225 189 175 175 195 195 227 227 227 249 ]
cp = [ 10.1056 10.1056 10.1056 10.1056 10.1056 10.1056 27.6419 27.6419 27.6419 27.6419 27.6419 20.7318 25.9646 25.9646 12.1847 12.1847 14.5701 14.5701 14.5701 11.9179 ]
D = [ 438 495 583 667 782 900 966 1058 1136 1212 1295 1446 1479 1390 1244 1070 957 802 952 1112 1275 1074 881 664 393 466 588 663 734 850 950 981 1074 1177 1263 1343 1439 1315 1203 1078 948 871 1055 1194 1385 1094 898 643 ]
K = 7
nk = [ 1 1 1 1 1 1 2 2 2 2 2 3 4 4 5 5 6 6 6 7 ]
First = [ 1 0 0 0 0 0 1 0 0 0 0 1 1 0 1 0 1 0 0 1 ]
Last = [ 0 0 0 0 0 1 0 0 0 0 1 1 0 1 0 1 0 0 1 1 ]
nS = 7
S = [ 1 0 0 0 0 0 1 0 0 0 0 1 1 0 1 0 1 0 0 1 ]
