n = 20 ; 
T = 48 ; 
Init = [ 0 0 0 0 0 0 0 0 0 0 0 0 1 1 1 1 0 1 1 0 ]
L = [ 6 6 6 6 6 6 6 5 5 5 5 5 10 10 7 7 7 3 3 3 ]
l = [ 6 6 6 6 6 6 6 5 5 5 5 5 10 10 7 7 7 3 3 3 ]
Pmin = [ 58 58 58 66 66 66 66 50 50 50 50 50 99 99 81 81 73 29 29 34 ]
Pmax = [ 58 58 58 66 66 66 66 50 50 50 50 50 99 99 81 81 73 29 29 34 ]
cf = [ 65.1924 65.1924 65.1924 19.3679 19.3679 19.3679 19.3679 28.7938 28.7938 28.7938 28.7938 28.7938 58.1694 58.1694 26.8567 26.8567 43.5296 29.9904 29.9904 66.6891 ]
c0 = [ 150 150 150 179 179 179 179 148 148 148 148 148 250 250 216 216 191 88 88 112 ]
cp = [ 21.4562 21.4562 21.4562 25.313 25.313 25.313 25.313 37.3043 37.3043 37.3043 37.3043 37.3043 10.0424 10.0424 15.4693 15.4693 16.3816 35.5717 35.5717 39.6556 ]
D = [ 287 381 411 498 537 613 683 735 818 862 939 987 1069 966 855 763 659 567 706 840 968 778 619 449 291 367 436 482 574 617 688 745 796 904 932 1013 1087 984 871 774 705 597 702 800 913 768 657 491 ]
K = 8
nk = [ 1 1 1 2 2 2 2 3 3 3 3 3 4 4 5 5 6 7 7 8 ]
First = [ 1 0 0 1 0 0 0 1 0 0 0 0 1 0 1 0 1 1 0 1 ]
Last = [ 0 0 1 0 0 0 1 0 0 0 0 1 0 1 0 1 1 0 1 1 ]
nS = 8
S = [ 1 0 0 1 0 0 0 1 0 0 0 0 1 0 1 0 1 1 0 1 ]
