n = 20 ; 
T = 48 ; 
Init = [ 0 0 1 1 1 1 1 1 1 1 1 1 1 1 1 1 1 1 1 0 ]
L = [ 9 3 8 7 7 7 7 7 7 7 7 7 7 7 9 9 9 9 9 5 ]
l = [ 9 3 8 7 7 7 7 7 7 7 7 7 7 7 9 9 9 9 9 5 ]
Pmin = [ 97 36 92 78 78 78 78 78 83 83 83 83 83 83 93 93 93 93 93 54 ]
Pmax = [ 97 36 92 78 78 78 78 78 83 83 83 83 83 83 93 93 93 93 93 54 ]
cf = [ 11.1256 54.3833 13.4278 63.7338 63.7338 63.7338 63.7338 63.7338 55.3992 55.3992 55.3992 55.3992 55.3992 55.3992 60.321 60.321 60.321 60.321 60.321 9.79893 ]
c0 = [ 250 114 247 202 202 202 202 202 230 230 230 230 230 230 250 250 250 250 250 155 ]
cp = [ 12.0195 37.0445 12.7956 24.1731 24.1731 24.1731 24.1731 24.1731 12.2043 12.2043 12.2043 12.2043 12.2043 12.2043 11.6188 11.6188 11.6188 11.6188 11.6188 29.958 ]
D = [ 352 439 515 661 713 797 929 961 1068 1187 1275 1322 1454 1279 1179 1039 928 808 935 1078 1234 987 767 558 338 437 527 619 707 789 910 994 1055 1185 1222 1315 1445 1302 1172 1109 989 839 936 1032 1150 959 778 578 ]
K = 7
nk = [ 1 2 3 4 4 4 4 4 5 5 5 5 5 5 6 6 6 6 6 7 ]
First = [ 1 1 1 1 0 0 0 0 1 0 0 0 0 0 1 0 0 0 0 1 ]
Last = [ 1 1 1 0 0 0 0 1 0 0 0 0 0 1 0 0 0 0 1 1 ]
nS = 7
S = [ 1 1 1 1 0 0 0 0 1 0 0 0 0 0 1 0 0 0 0 1 ]
