n = 20 ; 
T = 48 ; 
Init = [ 1 0 0 0 0 0 0 0 0 0 0 0 0 0 0 0 0 0 0 1 ]
L = [ 5 9 9 9 9 3 4 4 4 4 5 7 7 4 4 4 5 6 6 2 ]
l = [ 5 9 9 9 9 3 4 4 4 4 5 7 7 4 4 4 5 6 6 2 ]
Pmin = [ 58 100 100 100 100 31 39 39 39 39 57 82 82 43 43 43 56 73 73 20 ]
Pmax = [ 58 100 100 100 100 31 39 39 39 39 57 82 82 43 43 43 56 73 73 20 ]
cf = [ 61.0688 63.183 63.183 63.183 63.183 28.4732 69.7144 69.7144 69.7144 69.7144 7.73922 31.876 31.876 34.2141 34.2141 34.2141 52.9623 56.756 56.756 36.0931 ]
c0 = [ 163 250 250 250 250 95 126 126 126 126 164 217 217 131 131 131 154 203 203 62 ]
cp = [ 24.1681 11.9128 11.9128 11.9128 11.9128 37.165 37.5511 37.5511 37.5511 37.5511 29.1525 24.1987 24.1987 31.6951 31.6951 31.6951 25.433 28.3628 28.3628 39.424 ]
D = [ 301 365 426 461 544 620 650 735 783 846 931 998 1062 955 867 805 685 607 699 798 910 764 586 423 259 356 383 441 534 580 656 711 770 817 903 960 1027 918 824 777 673 562 678 780 889 744 596 475 ]
K = 10
nk = [ 1 2 2 2 2 3 4 4 4 4 5 6 6 7 7 7 8 9 9 10 ]
First = [ 1 1 0 0 0 1 1 0 0 0 1 1 0 1 0 0 1 1 0 1 ]
Last = [ 1 0 0 0 1 1 0 0 0 1 1 0 1 0 0 1 1 0 1 1 ]
nS = 10
S = [ 1 1 0 0 0 1 1 0 0 0 1 1 0 1 0 0 1 1 0 1 ]
