n = 20 ; 
T = 48 ; 
Init = [ 0 0 1 1 1 1 1 0 0 0 0 0 0 0 0 0 1 1 1 1 ]
L = [ 5 5 9 9 9 9 9 4 4 4 4 5 5 5 5 5 9 5 5 5 ]
l = [ 5 5 9 9 9 9 9 4 4 4 4 5 5 5 5 5 9 5 5 5 ]
Pmin = [ 50 50 100 100 100 100 100 41 41 41 41 46 46 46 46 46 95 52 52 52 ]
Pmax = [ 50 50 100 100 100 100 100 41 41 41 41 46 46 46 46 46 95 52 52 52 ]
cf = [ 38.4864 38.4864 30.9519 30.9519 30.9519 30.9519 30.9519 40.5223 40.5223 40.5223 40.5223 7.093 7.093 7.093 7.093 7.093 38.5327 68.5723 68.5723 68.5723 ]
c0 = [ 148 148 250 250 250 250 250 123 123 123 123 130 130 130 130 130 250 149 149 149 ]
cp = [ 25.2416 25.2416 13.2619 13.2619 13.2619 13.2619 13.2619 35.6105 35.6105 35.6105 35.6105 26.6418 26.6418 26.6418 26.6418 26.6418 16.0547 25.1706 25.1706 25.1706 ]
D = [ 330 398 455 495 550 631 684 733 772 848 872 934 985 934 866 790 671 607 700 806 911 736 563 416 244 340 366 466 515 576 676 702 812 856 915 997 1060 978 907 798 727 659 754 891 1006 816 665 485 ]
K = 6
nk = [ 1 1 2 2 2 2 2 3 3 3 3 4 4 4 4 4 5 6 6 6 ]
First = [ 1 0 1 0 0 0 0 1 0 0 0 1 0 0 0 0 1 1 0 0 ]
Last = [ 0 1 0 0 0 0 1 0 0 0 1 0 0 0 0 1 1 0 0 1 ]
nS = 6
S = [ 1 0 1 0 0 0 0 1 0 0 0 1 0 0 0 0 1 1 0 0 ]
