n = 20 ; 
T = 48 ; 
Init = [ 1 1 1 1 1 1 1 0 0 0 0 0 0 0 0 0 0 0 0 1 ]
L = [ 6 6 6 6 6 6 6 7 7 7 7 7 7 2 2 2 2 2 2 4 ]
l = [ 6 6 6 6 6 6 6 7 7 7 7 7 7 2 2 2 2 2 2 4 ]
Pmin = [ 60 60 60 60 60 60 60 72 72 72 72 72 72 26 26 26 26 26 26 44 ]
Pmax = [ 60 60 60 60 60 60 60 72 72 72 72 72 72 26 26 26 26 26 26 44 ]
cf = [ 25.3622 25.3622 25.3622 25.3622 25.3622 25.3622 25.3622 65.6135 65.6135 65.6135 65.6135 65.6135 65.6135 47.8192 47.8192 47.8192 47.8192 47.8192 47.8192 53.51 ]
c0 = [ 164 164 164 164 164 164 164 191 191 191 191 191 191 81 81 81 81 81 81 126 ]
cp = [ 24.1028 24.1028 24.1028 24.1028 24.1028 24.1028 24.1028 21.739 21.739 21.739 21.739 21.739 21.739 40.3365 40.3365 40.3365 40.3365 40.3365 40.3365 29.7299 ]
D = [ 251 302 356 423 489 510 593 643 695 740 806 857 897 818 759 696 605 559 659 707 787 650 512 410 275 314 352 406 489 542 608 660 701 766 816 892 928 840 766 695 616 504 637 722 811 704 538 378 ]
K = 4
nk = [ 1 1 1 1 1 1 1 2 2 2 2 2 2 3 3 3 3 3 3 4 ]
First = [ 1 0 0 0 0 0 0 1 0 0 0 0 0 1 0 0 0 0 0 1 ]
Last = [ 0 0 0 0 0 0 1 0 0 0 0 0 1 0 0 0 0 0 1 1 ]
nS = 4
S = [ 1 0 0 0 0 0 0 1 0 0 0 0 0 1 0 0 0 0 0 1 ]
