n = 20 ; 
T = 48 ; 
Init = [ 1 1 1 1 1 0 0 0 0 1 1 1 1 1 1 1 1 1 1 0 ]
L = [ 8 8 8 8 8 8 8 8 8 3 9 9 9 9 7 7 7 7 7 6 ]
l = [ 8 8 8 8 8 8 8 8 8 3 9 9 9 9 7 7 7 7 7 6 ]
Pmin = [ 85 85 85 85 85 78 78 78 78 42 100 100 100 100 79 79 79 79 79 62 ]
Pmax = [ 85 85 85 85 85 78 78 78 78 42 100 100 100 100 79 79 79 79 79 62 ]
cf = [ 13.3617 13.3617 13.3617 13.3617 13.3617 67.1279 67.1279 67.1279 67.1279 27.5595 16.1559 16.1559 16.1559 16.1559 29.7907 29.7907 29.7907 29.7907 29.7907 8.81994 ]
c0 = [ 217 217 217 217 217 220 220 220 220 115 250 250 250 250 206 206 206 206 206 164 ]
cp = [ 14.7892 14.7892 14.7892 14.7892 14.7892 21.2998 21.2998 21.2998 21.2998 33.608 16.3554 16.3554 16.3554 16.3554 25.0895 25.0895 25.0895 25.0895 25.0895 31.2342 ]
D = [ 338 479 571 614 712 840 886 975 1062 1162 1264 1330 1426 1315 1149 1059 885 761 950 1055 1182 1003 817 648 468 525 660 700 826 850 965 1065 1112 1226 1260 1383 1446 1325 1194 1078 985 826 985 1152 1306 1088 835 637 ]
K = 6
nk = [ 1 1 1 1 1 2 2 2 2 3 4 4 4 4 5 5 5 5 5 6 ]
First = [ 1 0 0 0 0 1 0 0 0 1 1 0 0 0 1 0 0 0 0 1 ]
Last = [ 0 0 0 0 1 0 0 0 1 1 0 0 0 1 0 0 0 0 1 1 ]
nS = 6
S = [ 1 0 0 0 0 1 0 0 0 1 1 0 0 0 1 0 0 0 0 1 ]
