n = 10 ; 
T = 1 ; 
Init = [ 0 1 0 0 1 0 1 0 1 0 ]
L = [ 7 3 4 6 2 2 4 5 8 6 ]
l = [ 7 3 4 6 2 2 4 5 8 6 ]
Pmin = [ 72 26 44 55 76 78 44 46 91 67 ]
Pmax = [ 72 26 44 55 76 78 44 46 91 67 ]
cf = [ 12.5771 51.107 53.271 54.1364 25.9642 15.7595 19.8365 23.4397 20.2028 49.2068 ]
c0 = [ 198 79 131 152 206 200 136 134 240 187 ]
cp = [ 25.0488 39.0033 29.5803 31.4461 28.812 22.1566 30.1222 23.3656 14.699 21.1889 ]
D = [ 116 ]
K = 11
nk = [ 0 1 2 3 4 5 6 7 8 9 ]
First = [ 0 0 0 0 0 0 0 0 0 0 ]
Last = [ 0 0 0 0 0 0 0 0 0 0 ]
nS = 3
S = [ 1 0 1 0 0 1 0 0 0 0 ]
