n = 20 ; 
T = 48 ; 
Init = [ 1 1 1 0 1 1 1 1 1 1 1 1 0 1 1 0 1 0 1 1 ]
L = [ 3 3 8 8 3 7 5 5 9 7 3 4 6 4 8 2 3 6 5 6 ]
l = [ 3 3 8 8 3 7 5 5 9 7 3 4 6 4 8 2 3 6 5 6 ]
Pmin = [ 33 37 75 92 33 78 49 41 99 71 36 48 65 44 88 21 30 53 57 62 ]
Pmax = [ 33 37 75 92 33 78 49 41 99 71 36 48 65 44 88 21 30 53 57 62 ]
cf = [ 25.9499 22.4553 66.1299 20.4954 54.592 46.8943 50.6462 32.7927 51.5057 31.2183 63.2194 69.4055 53.753 60.6131 28.3108 43.1754 36.2951 17.9578 44.8661 19.3535 ]
c0 = [ 95 108 211 239 109 211 147 109 250 184 111 139 170 135 232 77 94 138 164 162 ]
cp = [ 32.5847 36.9008 21.7913 23.2158 33.7277 10.6498 33.0372 19.0616 12.7917 17.7399 36.9902 32.3291 22.998 35.2899 16.8591 37.7847 24.6049 24.8786 33.1473 20.3892 ]
D = [ 301 863 605 129 266 309 704 341 30 841 676 303 772 914 31 364 572 486 38 1000 366 28 713 201 404 240 718 597 908 936 1009 97 687 502 226 952 811 930 181 841 659 857 32 319 659 62 684 120 ]
K = 21
nk = [ -621480328 32629 -621480328 32629 0 0 0 0 0 0 0 0 0 0 0 0 0 0 0 0 ]
First = [ 1 1 1 1 1 1 1 1 1 1 1 1 1 1 1 1 1 1 1 1 ]
Last = [ 1 1 1 1 1 1 1 1 1 1 1 1 1 1 1 1 1 1 1 1 ]
nS = 2
S = [ 1 0 0 0 0 0 0 0 0 0 1 0 0 0 0 0 0 0 0 0 ]
