n = 20 ; 
T = 48 ; 
Init = [ 0 1 1 0 1 0 0 1 0 0 0 0 1 1 1 0 1 1 0 0 ]
L = [ 3 5 3 8 5 3 5 4 8 5 10 6 2 4 4 4 5 5 2 3 ]
l = [ 3 5 3 8 5 3 5 4 8 5 10 6 2 4 4 4 5 5 2 3 ]
Pmin = [ 33 51 31 92 47 29 50 34 86 50 99 68 13 33 41 49 49 59 18 32 ]
Pmax = [ 33 51 31 92 47 29 50 34 86 50 99 68 13 33 41 49 49 59 18 32 ]
cf = [ 69.4974 14.4664 23.1625 25.9127 18.6169 52.1163 11.0201 67.6063 27.3825 37.4492 64.7486 47.1416 66.9739 58.9698 67.0744 37.8108 31.7155 8.25317 12.486 58.7576 ]
c0 = [ 96 144 104 238 134 93 133 106 225 143 250 194 51 100 126 136 136 161 69 88 ]
cp = [ 35.1462 30.6151 39.219 16.1009 32.2567 38.3909 28.2515 39.1834 10.9136 25.7638 10.2831 19.5296 41.4018 33.5921 29.4429 22.602 30.1599 28.9022 40.6966 37.9352 ]
D = [ 340 717 949 769 493 375 183 884 22 245 876 136 492 201 314 219 263 277 531 729 197 181 682 28 136 190 406 155 274 234 740 614 951 725 419 480 137 602 399 158 847 311 295 375 513 608 594 775 ]
K = 21
nk = [ -621480328 32629 -621480328 32629 0 0 0 0 0 0 0 0 0 0 0 0 0 0 0 0 ]
First = [ 1 1 1 1 1 1 1 1 1 1 1 1 1 1 1 1 1 1 1 1 ]
Last = [ 1 1 1 1 1 1 1 1 1 1 1 1 1 1 1 1 1 1 1 1 ]
nS = 2
S = [ 1 0 0 0 0 0 0 0 0 0 1 0 0 0 0 0 0 0 0 0 ]
