n = 20 ; 
T = 48 ; 
Init = [ 0 0 1 1 1 0 1 1 0 1 0 1 1 0 1 1 1 1 1 1 ]
L = [ 9 8 6 3 6 6 5 3 8 3 9 6 4 8 10 7 7 8 7 8 ]
l = [ 9 8 6 3 6 6 5 3 8 3 9 6 4 8 10 7 7 8 7 8 ]
Pmin = [ 89 95 61 25 62 65 46 23 84 36 99 62 43 82 100 73 78 86 74 89 ]
Pmax = [ 89 95 61 25 62 65 46 23 84 36 99 62 43 82 100 73 78 86 74 89 ]
cf = [ 48.0303 21.7877 44.0543 59.6982 46.1324 24.7704 23.1443 55.6233 10.2246 54.2989 31.363 47.202 33.336 13.9865 68.7747 15.1247 36.3471 65.8408 40.4003 66.806 ]
c0 = [ 236 250 173 77 174 174 141 75 223 98 250 173 132 212 250 201 210 223 194 226 ]
cp = [ 12.8859 11.5547 21.1759 38.3856 30.788 30.5636 17.8505 40.4841 16.6758 37.3162 16.2896 21.4491 30.0508 12.2555 12.2268 21.687 26.8931 10.6508 24.501 12.7523 ]
D = [ 612 823 1243 854 1128 855 320 138 1261 409 1032 211 1216 807 1064 231 1159 750 301 817 1281 1177 19 61 1150 195 700 1059 923 631 1091 163 82 963 1016 1210 446 1336 1348 336 373 1007 547 217 443 238 448 230 ]
K = 21
nk = [ -621480328 32629 -621480328 32629 0 0 0 0 0 0 0 0 0 0 0 0 0 0 0 0 ]
First = [ 1 1 1 1 1 1 1 1 1 1 1 1 1 1 1 1 1 1 1 1 ]
Last = [ 1 1 1 1 1 1 1 1 1 1 1 1 1 1 1 1 1 1 1 1 ]
nS = 2
S = [ 1 0 0 0 0 0 0 0 0 0 0 1 0 0 0 0 0 0 0 0 ]
