n = 20 ; 
T = 48 ; 
Init = [ 0 1 1 0 1 1 1 1 1 0 1 0 0 0 0 1 0 0 1 1 ]
L = [ 4 8 7 3 4 8 5 2 5 8 8 5 4 4 9 6 3 5 9 6 ]
l = [ 4 8 7 3 4 8 5 2 5 8 8 5 4 4 9 6 3 5 9 6 ]
Pmin = [ 39 92 83 21 30 83 54 20 50 86 91 54 33 48 95 58 35 41 100 62 ]
Pmax = [ 39 92 83 21 30 83 54 20 50 86 91 54 33 48 95 58 35 41 100 62 ]
cf = [ 56.4712 60.6116 65.7614 27.1957 45.89 35.9376 63.0839 12.8167 59.9906 14.9453 65.8202 60.5181 52.7303 45.6253 10.1325 13.7693 11.5891 44.7089 32.5192 45.2322 ]
c0 = [ 106 245 223 66 92 220 152 66 143 228 237 156 99 132 250 158 104 110 250 162 ]
cp = [ 28.6665 12.5653 16.5619 39.9616 28.9724 15.6177 29.707 41.2085 26.5743 17.2793 12.3702 35.9117 38.6833 26.0372 20.353 26.4074 37.4677 31.5603 10.0993 18.2476 ]
D = [ 942 420 617 46 175 1083 569 250 942 695 1173 767 616 375 317 1155 246 426 969 394 348 792 72 1068 850 198 1154 378 674 692 529 441 1112 1147 487 112 1055 1056 362 821 575 360 413 16 735 730 1171 981 ]
K = 21
nk = [ -621480216 32629 -621480216 32629 0 0 0 0 0 0 0 0 0 0 0 0 0 0 0 0 ]
First = [ 1 1 1 1 1 1 1 1 1 1 1 1 1 1 1 1 1 1 1 1 ]
Last = [ 1 1 1 1 1 1 1 1 1 1 1 1 1 1 1 1 1 1 1 1 ]
nS = 2
S = [ 1 0 0 0 0 0 0 0 0 0 1 0 0 0 0 0 0 0 0 0 ]
