n = 20 ; 
T = 48 ; 
Init = [ 1 0 1 0 0 1 1 1 1 0 0 0 1 1 0 1 0 1 1 0 ]
L = [ 5 5 3 7 3 6 5 9 3 9 8 7 7 9 7 5 8 4 8 8 ]
l = [ 5 5 3 7 3 6 5 9 3 9 8 7 7 9 7 5 8 4 8 8 ]
Pmin = [ 55 52 32 83 33 63 65 99 40 92 91 73 79 98 76 49 78 36 89 77 ]
Pmax = [ 55 52 32 83 33 63 65 99 40 92 91 73 79 98 76 49 78 36 89 77 ]
cf = [ 33.5885 29.4209 38.0144 19.4381 10.0846 66.7289 34.2763 36.868 26.3886 22.0434 58.1194 52.8747 19.1703 34.4796 27.7862 25.9754 33.0854 12.6274 45.4296 14.3705 ]
c0 = [ 152 155 102 223 91 184 183 250 122 238 237 190 221 250 196 137 198 98 235 215 ]
cp = [ 19.233 31.5955 37.0771 21.3224 35.5065 35.5938 36.0463 12.0735 38.4523 9.31293 20.6604 36.4881 20.6758 10.1368 21.3823 35.5061 17.328 38.4085 13.2158 23.7515 ]
D = [ 1359 517 484 759 662 1048 762 773 300 626 1347 784 1296 255 851 1225 844 136 284 1169 1239 1274 71 473 363 481 1036 484 1311 1195 986 1310 352 110 708 1014 1158 110 427 99 736 413 883 672 668 374 537 152 ]
K = 21
nk = [ -621480328 32629 -621480328 32629 0 0 0 0 0 0 0 0 0 0 0 0 0 0 0 0 ]
First = [ 1 1 1 1 1 1 1 1 1 1 1 1 1 1 1 1 1 1 1 1 ]
Last = [ 1 1 1 1 1 1 1 1 1 1 1 1 1 1 1 1 1 1 1 1 ]
nS = 2
S = [ 1 0 0 0 0 0 0 0 0 0 0 1 0 0 0 0 0 0 0 0 ]
