n = 20 ; 
T = 48 ; 
Init = [ 1 1 1 1 1 0 1 0 1 1 1 1 1 0 1 1 1 0 0 1 ]
L = [ 6 8 8 8 6 6 7 8 4 8 4 6 4 3 8 8 7 4 10 3 ]
l = [ 6 8 8 8 6 6 7 8 4 8 4 6 4 3 8 8 7 4 10 3 ]
Pmin = [ 71 81 85 81 67 67 80 79 39 83 29 65 30 29 84 89 75 35 100 36 ]
Pmax = [ 71 81 85 81 67 67 80 79 39 83 29 65 30 29 84 89 75 35 100 36 ]
cf = [ 57.2923 16.5032 34.5295 59.6639 49.2653 63.1608 61.5537 13.7456 45.2186 25.9602 69.2271 31.9486 69.1223 8.6842 47.3845 62.5334 61.8448 54.0024 21.3375 59.2689 ]
c0 = [ 198 220 215 210 191 190 205 208 126 222 83 187 104 101 214 224 193 113 250 115 ]
cp = [ 22.0332 19.8088 16.1179 17.0611 22.4741 21.8362 21.6401 12.5653 26.8886 19.9964 31.3766 22.8413 35.0658 29.4422 23.9234 28.8587 16.8054 25.96 9.42675 40.1947 ]
D = [ 415 983 302 335 1186 387 415 1026 579 107 763 776 677 549 346 535 374 486 22 767 470 539 748 505 70 594 336 1044 891 114 95 0 1097 398 336 978 784 750 699 58 857 157 834 229 706 1181 764 1080 ]
K = 21
nk = [ 0 0 0 0 0 0 0 0 0 0 0 0 0 0 0 0 0 0 0 0 ]
First = [ 1 1 1 1 1 1 1 1 1 1 1 1 1 1 1 1 1 1 1 1 ]
Last = [ 1 1 1 1 1 1 1 1 1 1 1 1 1 1 1 1 1 1 1 1 ]
nS = 2
S = [ 1 0 0 0 0 0 0 0 0 0 0 1 0 0 0 0 0 0 0 0 ]
