n = 20 ; 
T = 24 ; 
Init = [ 0 1 1 0 0 0 1 1 1 1 1 1 0 0 1 1 1 1 0 0 ]
L = [ 3 6 9 5 4 5 4 10 6 5 4 5 4 5 9 10 9 8 5 9 ]
l = [ 3 6 9 5 4 5 4 10 6 5 4 5 4 5 9 10 9 8 5 9 ]
Pmin = [ 28 69 100 56 35 52 46 98 63 49 36 58 43 49 95 100 96 91 42 99 ]
Pmax = [ 98 249 400 209 130 188 145 400 234 187 132 227 136 164 396 418 386 351 161 389 ]
cf = [ 13.0617 59.7084 11.2543 10.3404 48.7914 17.6946 17.3549 12.5493 62.5429 31.2794 52.4855 51.3839 23.5287 18.8381 25.0525 34.1128 43.5768 25.7499 61.357 58.5177 ]
c0 = [ 95 195 250 157 99 145 120 250 167 132 118 160 117 138 250 250 243 246 125 250 ]
cp = [ 38.7353 30.2391 11.6093 28.3333 32.1737 22.9166 21.9061 14.1326 23.2265 21.5433 31.1954 31.3134 37.3088 30.6501 11.1847 12.1921 10.9316 10.0681 39.6168 20.3816 ]
D = [ 221 221 221 221 221 221 1652 1652 1652 1652 1652 1652 221 221 221 221 221 221 1652 1652 1652 1652 1652 1652 ]
K = 21
nk = [ -862181768 32606 -862181768 32606 0 0 0 0 0 0 0 0 0 0 0 0 0 0 0 0 ]
First = [ 1 1 1 1 1 1 1 1 1 1 1 1 1 1 1 1 1 1 1 1 ]
Last = [ 1 1 1 1 1 1 1 1 1 1 1 1 1 1 1 1 1 1 1 1 ]
nS = 2
S = [ 1 0 0 0 0 0 0 0 0 0 1 0 0 0 0 0 0 0 0 0 ]
