n = 20 ; 
T = 24 ; 
Init = [ 1 0 0 1 1 1 0 1 0 1 1 1 1 1 1 1 0 0 1 0 ]
L = [ 8 6 3 8 5 4 8 6 4 6 8 7 8 4 7 4 7 8 9 4 ]
l = [ 8 6 3 8 5 4 8 6 4 6 8 7 8 4 7 4 7 8 9 4 ]
Pmin = [ 88 64 20 90 54 31 87 72 41 70 81 67 87 41 71 40 83 80 100 35 ]
Pmax = [ 349 256 59 360 189 105 324 266 145 258 313 264 339 132 284 151 311 318 400 107 ]
cf = [ 21.7172 61.1189 12.1847 60.7321 46.2746 29.1829 12.6442 40.8441 53.8785 63.8908 24.209 62.0911 10.7758 27.102 65.9865 66.9573 66.2093 69.0972 28.769 43.0693 ]
c0 = [ 225 166 60 228 161 98 219 191 122 188 219 174 233 130 193 116 217 213 250 110 ]
cp = [ 12.6917 26.1564 37.4758 14.9671 30.3097 34.6349 18.0341 27.5142 32.8391 24.9366 21.0107 21.8724 19.9414 28.4809 17.6085 35.8072 18.5251 16.9164 12.3698 36.2419 ]
D = [ 2205 4716 3413 250 4496 1099 2317 1018 3436 3337 4627 4587 2642 102 3862 786 1838 4304 3434 577 3826 4781 4888 4121 ]
K = 21
nk = [ 1863292536 32614 1863292536 32614 0 0 0 0 0 0 0 0 0 0 0 0 0 0 0 0 ]
First = [ 1 1 1 1 1 1 1 1 1 1 1 1 1 1 1 1 1 1 1 1 ]
Last = [ 1 1 1 1 1 1 1 1 1 1 1 1 1 1 1 1 1 1 1 1 ]
nS = 2
S = [ 1 0 0 0 0 0 0 0 0 0 1 0 0 0 0 0 0 0 0 0 ]
