n = 20 ; 
T = 24 ; 
Init = [ 1 1 1 0 1 0 0 1 1 1 0 0 1 0 0 0 1 1 1 1 ]
L = [ 7 6 9 6 6 4 5 4 9 9 7 2 4 3 5 7 9 8 6 7 ]
l = [ 7 6 9 6 6 4 5 4 9 9 7 2 4 3 5 7 9 8 6 7 ]
Pmin = [ 77 59 95 60 63 38 54 49 100 91 70 21 40 38 45 73 95 88 72 72 ]
Pmax = [ 308 237 398 212 229 130 194 166 411 366 288 62 129 118 162 297 371 330 261 288 ]
cf = [ 51.7428 46.2867 32.3311 38.8507 34.5365 59.8131 47.7299 14.7003 54.2977 40.8684 32.1123 7.30625 49.3068 23.6809 32.9991 47.5291 21.1848 51.7492 63.4503 55.4685 ]
c0 = [ 201 155 250 163 184 123 148 133 250 248 197 79 108 121 132 204 246 229 195 185 ]
cp = [ 21.674 34.2152 11.8625 26.0597 21.2593 32.0033 32.7518 24.4143 10.847 12.6303 20.6187 37.448 28.7789 34.9291 28.7218 16.4342 12.1006 23.0559 23.7997 20.4786 ]
D = [ 3083 3646 3106 3214 2913 1491 2289 4633 3347 190 109 1911 3281 2102 4417 491 1300 2665 1096 65 373 3072 89 3701 ]
K = 21
nk = [ 1863292536 32614 1863292536 32614 0 0 0 0 0 0 0 0 0 0 0 0 0 0 0 0 ]
First = [ 1 1 1 1 1 1 1 1 1 1 1 1 1 1 1 1 1 1 1 1 ]
Last = [ 1 1 1 1 1 1 1 1 1 1 1 1 1 1 1 1 1 1 1 1 ]
nS = 2
S = [ 1 0 0 0 0 0 0 0 0 0 1 0 0 0 0 0 0 0 0 0 ]
