n = 10 ; 
T = 24 ; 
Init = [ 1 1 0 0 1 0 1 0 1 1 ]
L = [ 4 8 8 8 3 5 9 6 5 10 ]
l = [ 4 8 8 8 3 5 9 6 5 10 ]
Pmin = [ 34 92 90 95 24 54 94 71 54 100 ]
Pmax = [ 34 92 90 95 24 54 94 71 54 100 ]
cf = [ 15.5168 46.9784 13.9449 13.4964 32.3283 53.289 11.23 10.9796 53.2281 26.0618 ]
c0 = [ 96 234 232 241 74 156 250 193 150 250 ]
cp = [ 37.5951 14.6292 11.1835 10.9682 36.2018 25.7029 14.2771 19.0869 28.2914 9.61994 ]
D = [ 198 241 275 316 330 373 422 437 484 498 547 576 621 554 525 460 411 367 418 472 539 438 366 300 ]
K = 11
nk = [ 0 1 2 3 4 5 6 7 8 9 ]
First = [ 0 0 0 0 0 0 0 0 0 0 ]
Last = [ 0 0 0 0 0 0 0 0 0 0 ]
nS = 5
S = [ 1 0 0 0 0 1 1 0 1 1 ]
