n = 10 ; 
T = 24 ; 
Init = [ 0 0 1 0 1 1 1 1 0 0 ]
L = [ 5 6 3 7 6 2 4 9 5 4 ]
l = [ 5 6 3 7 6 2 4 9 5 4 ]
Pmin = [ 49 70 30 73 66 21 50 99 52 39 ]
Pmax = [ 49 70 30 73 66 21 50 99 52 39 ]
cf = [ 22.3105 28.1204 52.1073 37.9567 69.4302 67.5059 65.9153 54.058 30.6136 48.856 ]
c0 = [ 139 189 90 197 175 73 147 250 137 109 ]
cp = [ 26.2298 22.9129 39.2127 25.211 20.9999 41.1289 34.0725 12.2053 19.2255 34.0447 ]
D = [ 528 253 261 498 270 518 320 250 74 146 479 344 426 132 78 36 420 479 275 443 16 409 78 409 ]
K = 11
nk = [ 0 1 2 3 4 5 6 7 8 9 ]
First = [ 0 0 0 0 0 0 0 0 0 0 ]
Last = [ 0 0 0 0 0 0 0 0 0 0 ]
nS = 3
S = [ 1 0 0 1 0 0 0 1 0 0 ]
