n = 10 ; 
T = 24 ; 
Init = [ 0 0 1 0 1 0 0 1 1 1 ]
L = [ 8 8 9 10 6 8 4 3 4 2 ]
l = [ 8 8 9 10 6 8 4 3 4 2 ]
Pmin = [ 84 91 91 100 64 79 31 32 42 20 ]
Pmax = [ 84 91 91 100 64 79 31 32 42 20 ]
cf = [ 33.3729 46.2294 38.7556 12.1147 16.0289 32.516 24.0155 21.373 11.4897 9.70313 ]
c0 = [ 222 235 243 250 165 208 89 105 120 79 ]
cp = [ 20.6108 10.1905 21.9247 10.4671 31.8785 17.6811 34.1989 34.8555 35.9033 40.4528 ]
D = [ 264 185 579 269 391 172 313 50 489 519 610 125 78 406 448 109 41 567 576 279 531 208 39 217 ]
K = 11
nk = [ 0 1 2 3 4 5 6 7 8 9 ]
First = [ 0 0 0 0 0 0 0 0 0 0 ]
Last = [ 0 0 0 0 0 0 0 0 0 0 ]
nS = 2
S = [ 1 0 0 0 0 1 0 0 0 0 ]
