n = 10 ; 
T = 24 ; 
Init = [ 0 1 1 0 0 0 1 1 1 0 ]
L = [ 9 9 6 9 2 4 8 5 4 3 ]
l = [ 9 9 6 9 2 4 8 5 4 3 ]
Pmin = [ 97 96 70 89 15 42 90 49 41 31 ]
Pmax = [ 97 96 70 89 15 42 90 49 41 31 ]
cf = [ 16.4675 65.6445 28.152 46.1076 8.11735 51.5336 64.5121 55.5489 55.9967 52.8981 ]
c0 = [ 248 249 190 243 53 132 237 131 122 107 ]
cp = [ 15.6461 12.3215 19.1941 11.869 40.7295 32.4391 18.7868 22.3765 34.096 39.8705 ]
D = [ 443 304 172 332 320 335 603 86 85 440 295 255 97 9 183 256 572 484 364 343 468 457 300 56 ]
K = 11
nk = [ 0 1 2 3 4 5 6 7 8 9 ]
First = [ 0 0 0 0 0 0 0 0 0 0 ]
Last = [ 0 0 0 0 0 0 0 0 0 0 ]
nS = 3
S = [ 1 1 0 0 0 1 0 0 0 0 ]
