n = 10 ; 
T = 24 ; 
Init = [ 0 1 1 0 0 1 0 0 1 0 ]
L = [ 4 5 10 5 6 5 7 2 4 3 ]
l = [ 4 5 10 5 6 5 7 2 4 3 ]
Pmin = [ 29 50 100 49 64 51 72 21 41 30 ]
Pmax = [ 29 50 100 49 64 51 72 21 41 30 ]
cf = [ 16.9183 68.2756 39.5885 55.2842 69.5553 27.6475 32.016 44.5385 63.4466 44.4191 ]
c0 = [ 103 136 250 144 167 140 191 62 127 94 ]
cp = [ 39.6312 21.4709 9.20665 25.8461 26.8911 35.0224 26.5703 41.4645 30.8563 41.3831 ]
D = [ 133 157 170 203 231 242 277 290 331 346 368 392 429 382 359 308 274 247 294 331 396 308 246 173 ]
K = 11
nk = [ 0 1 2 3 4 5 6 7 8 9 ]
First = [ 0 0 0 0 0 0 0 0 0 0 ]
Last = [ 0 0 0 0 0 0 0 0 0 0 ]
nS = 2
S = [ 1 0 0 0 0 0 1 0 0 0 ]
