n = 10 ; 
T = 48 ; 
Init = [ 1 1 1 0 1 0 0 1 0 0 ]
L = [ 5 4 8 6 6 8 7 4 7 8 ]
l = [ 5 4 8 6 6 8 7 4 7 8 ]
Pmin = [ 63 39 81 64 60 90 76 45 65 89 ]
Pmax = [ 63 39 81 64 60 90 76 45 65 89 ]
cf = [ 16.4867 27.2013 54.8449 26.873 46.4608 64.8667 17.7234 38.4314 64.7305 20.7017 ]
c0 = [ 171 122 219 177 176 231 205 122 176 242 ]
cp = [ 33.8532 31.6777 24.402 18.3687 22.2245 19.1764 30.3223 37.6439 28.6014 24.9619 ]
D = [ 72 580 349 404 429 162 194 188 103 411 502 355 307 286 64 273 474 448 347 94 329 448 309 168 660 58 113 102 394 57 248 466 637 598 198 394 88 392 582 191 132 413 546 438 26 610 39 501 ]
K = 11
nk = [ 0 1 2 3 4 5 6 7 8 9 ]
First = [ 0 0 0 0 0 0 0 0 0 0 ]
Last = [ 0 0 0 0 0 0 0 0 0 0 ]
nS = 4
S = [ 1 0 0 0 1 0 0 1 0 1 ]
