n = 10 ; 
T = 48 ; 
Init = [ 1 1 1 0 1 1 1 1 1 1 ]
L = [ 9 4 8 6 8 2 9 8 8 6 ]
l = [ 9 4 8 6 8 2 9 8 8 6 ]
Pmin = [ 100 40 83 61 91 26 98 93 87 73 ]
Pmax = [ 100 40 83 61 91 26 98 93 87 73 ]
cf = [ 37.6345 69.5621 31.274 36.1243 29.3579 55.2722 12.683 45.8031 54.747 60.1227 ]
c0 = [ 250 116 218 177 235 79 250 234 221 186 ]
cp = [ 10.5299 29.1489 16.7761 24.7611 11.7124 38.7611 15.2078 17.4409 19.1009 14.9898 ]
D = [ 260 383 87 416 718 31 379 556 440 540 555 556 119 52 503 374 281 391 397 388 413 11 382 702 359 649 527 426 360 344 308 620 728 395 284 694 426 663 498 114 452 301 670 571 354 421 193 635 ]
K = 11
nk = [ 0 1 2 3 4 5 6 7 8 9 ]
First = [ 0 0 0 0 0 0 0 0 0 0 ]
Last = [ 0 0 0 0 0 0 0 0 0 0 ]
nS = 3
S = [ 1 0 0 0 1 1 0 0 0 0 ]
