n = 10 ; 
T = 48 ; 
Init = [ 0 1 0 1 0 0 1 0 0 0 ]
L = [ 2 4 5 4 4 7 2 4 4 9 ]
l = [ 2 4 5 4 4 7 2 4 4 9 ]
Pmin = [ 21 48 59 38 38 74 21 34 38 100 ]
Pmax = [ 21 48 59 38 38 74 21 34 38 100 ]
cf = [ 45.5452 69.4977 49.5774 15.382 15.8551 14.2069 34.2861 57.5004 25.8872 25.5327 ]
c0 = [ 64 143 166 110 124 205 71 113 104 250 ]
cp = [ 39.8753 29.4199 21.0129 40.1328 34.908 19.4877 40.4034 40.0316 32.0651 12.9234 ]
D = [ 123 154 174 196 221 240 266 285 301 340 352 383 396 362 340 291 273 239 273 295 331 297 238 195 129 164 188 207 221 243 266 295 321 340 364 386 395 373 332 305 276 239 279 321 354 300 243 193 ]
K = 11
nk = [ 0 1 2 3 4 5 6 7 8 9 ]
First = [ 0 0 0 0 0 0 0 0 0 0 ]
Last = [ 0 0 0 0 0 0 0 0 0 0 ]
nS = 3
S = [ 1 0 1 0 0 0 0 1 0 0 ]
