n = 10 ; 
T = 48 ; 
Init = [ 0 0 0 1 0 1 0 1 0 0 ]
L = [ 3 5 3 3 8 7 4 7 7 8 ]
l = [ 3 5 3 3 8 7 4 7 7 8 ]
Pmin = [ 27 48 26 18 85 76 36 74 77 89 ]
Pmax = [ 27 48 26 18 85 76 36 74 77 89 ]
cf = [ 32.705 27.9994 22.1615 68.614 49.2116 61.3712 26.4111 60.2009 26.2968 39.7949 ]
c0 = [ 79 128 82 66 217 209 100 204 206 229 ]
cp = [ 37.8165 33.6671 36.3643 37.002 21.8429 19.4084 37.9035 16.2055 17.918 15.8656 ]
D = [ 153 183 218 244 258 295 310 346 388 408 433 468 498 441 400 356 324 281 325 378 418 347 290 223 142 172 191 212 248 265 294 317 343 379 393 432 442 424 382 338 299 276 334 384 447 360 298 213 ]
K = 11
nk = [ 0 1 2 3 4 5 6 7 8 9 ]
First = [ 0 0 0 0 0 0 0 0 0 0 ]
Last = [ 0 0 0 0 0 0 0 0 0 0 ]
nS = 5
S = [ 1 0 1 0 0 0 1 1 0 1 ]
