n = 10 ; 
T = 48 ; 
Init = [ 1 1 0 0 0 0 0 1 1 0 ]
L = [ 7 4 8 4 8 3 8 9 6 7 ]
l = [ 7 4 8 4 8 3 8 9 6 7 ]
Pmin = [ 75 38 76 37 90 24 86 92 57 76 ]
Pmax = [ 75 38 76 37 90 24 86 92 57 76 ]
cf = [ 12.2563 36.9688 13.8386 17.5965 67.0462 40.3098 42.7707 41.6298 65.1085 46.3175 ]
c0 = [ 191 108 212 119 235 91 228 240 166 206 ]
cp = [ 23.9933 34.3661 17.0476 25.7671 19.833 32.5448 19.7924 9.7229 31.4598 11.3962 ]
D = [ 439 322 55 4 443 498 175 213 507 62 464 553 258 394 510 551 384 225 209 247 615 264 557 35 373 526 379 92 233 329 498 21 651 553 26 442 400 200 5 256 263 469 158 520 212 17 420 596 ]
K = 11
nk = [ 0 1 2 3 4 5 6 7 8 9 ]
First = [ 0 0 0 0 0 0 0 0 0 0 ]
Last = [ 0 0 0 0 0 0 0 0 0 0 ]
nS = 3
S = [ 1 0 0 0 0 0 1 0 1 0 ]
