n = 20 ; 
T = 24 ; 
Init = [ 0 0 1 0 1 0 0 0 0 0 1 0 0 0 1 1 0 0 1 1 ]
L = [ 8 6 5 3 3 7 2 5 5 5 3 4 5 3 5 8 3 7 8 5 ]
l = [ 8 6 5 3 3 7 2 5 5 5 3 4 5 3 5 8 3 7 8 5 ]
Pmin = [ 90 58 52 24 32 76 18 51 45 50 32 40 57 27 53 80 32 66 92 54 ]
Pmax = [ 90 58 52 24 32 76 18 51 45 50 32 40 57 27 53 80 32 66 92 54 ]
cf = [ 69.4986 66.4813 11.113 57.7644 53.1356 29.0903 67.222 51.6781 53.4746 62.5538 59.7205 52.1652 56.2845 54.3377 45.7825 66.3457 45.548 24.6003 36.6187 56.5211 ]
c0 = [ 249 170 154 88 90 211 68 145 123 142 91 121 149 93 160 224 95 177 245 162 ]
cp = [ 13.7804 30.7328 19.3425 36.4853 37.7059 22.5195 39.9207 34.0171 36.0894 31.9971 34.9257 36.1409 31.5359 40.588 32.906 22.7533 35.5297 25.9482 18.5393 19.0273 ]
D = [ 281 345 398 451 487 553 606 640 711 753 784 839 906 841 770 674 607 530 594 684 759 626 490 382 ]
K = 21
nk = [ 0 1 2 3 4 5 6 7 8 9 10 11 12 13 14 15 16 17 18 19 ]
First = [ 0 0 0 0 0 0 0 0 0 0 0 0 0 0 0 0 0 0 0 0 ]
Last = [ 0 0 0 0 0 0 0 0 0 0 0 0 0 0 0 0 0 0 0 0 ]
nS = 7
S = [ 1 0 1 1 0 0 1 0 1 0 1 0 0 0 0 0 1 0 0 0 ]
