n = 20 ; 
T = 48 ; 
Init = [ 1 1 0 1 1 1 0 0 0 1 0 0 1 1 0 0 0 0 0 1 ]
L = [ 9 4 8 6 5 5 6 7 9 5 2 3 3 6 8 8 6 5 9 6 ]
l = [ 9 4 8 6 5 5 6 7 9 5 2 3 3 6 8 8 6 5 9 6 ]
Pmin = [ 98 45 84 64 55 55 57 76 100 46 20 23 23 62 81 90 63 54 99 72 ]
Pmax = [ 98 45 84 64 55 55 57 76 100 46 20 23 23 62 81 90 63 54 99 72 ]
cf = [ 41.4106 43.7264 61.4642 42.2154 34.7867 36.7481 38.0695 10.3542 19.5459 23.1451 56.9544 20.7961 39.9564 15.3311 34.9411 10.9127 41.1577 24.3613 14.0007 20.3849 ]
c0 = [ 246 124 219 168 153 151 165 193 250 126 73 68 79 162 215 241 173 145 250 194 ]
cp = [ 15.7719 25.9656 20.5273 15.1952 32.0436 29.9139 26.0869 26.8223 10.8091 25.0456 41.7327 37.2748 36.927 29.8173 24.4534 17.2186 13.7359 29.6931 10.6151 22.4459 ]
D = [ 675 1039 366 253 1133 1027 1055 609 1 1018 1202 693 489 1031 134 1048 362 759 1116 614 1083 853 892 479 1021 187 558 441 536 699 710 1211 471 1076 197 337 835 1252 946 836 1003 882 262 225 645 396 6 1007 ]
K = 21
nk = [ 0 1 2 3 4 5 6 7 8 9 10 11 12 13 14 15 16 17 18 19 ]
First = [ 0 0 0 0 0 0 0 0 0 0 0 0 0 0 0 0 0 0 0 0 ]
Last = [ 0 0 0 0 0 0 0 0 0 0 0 0 0 0 0 0 0 0 0 0 ]
nS = 6
S = [ 1 1 0 0 0 0 0 1 0 0 1 0 0 0 0 1 0 0 0 1 ]
