n = 20 ; 
T = 48 ; 
Init = [ 0 0 0 0 1 1 0 1 1 1 1 1 0 0 1 1 1 0 0 1 ]
L = [ 7 7 7 7 8 5 5 4 2 6 6 6 5 7 6 6 3 3 8 7 ]
l = [ 7 7 7 7 8 5 5 4 2 6 6 6 5 7 6 6 3 3 8 7 ]
Pmin = [ 65 73 74 68 89 46 48 37 14 69 59 62 41 80 59 68 26 29 85 69 ]
Pmax = [ 65 73 74 68 89 46 48 37 14 69 59 62 41 80 59 68 26 29 85 69 ]
cf = [ 47.3392 69.5912 62.1859 62.6316 58.1855 67.2341 31.2697 17.2281 24.8807 53.6478 58.4669 23.0171 40.5184 54.2059 23.3777 25.8642 69.4671 9.49952 54.1749 65.5577 ]
c0 = [ 189 202 209 175 240 127 142 109 66 185 167 163 125 204 157 177 80 97 224 186 ]
cp = [ 21.6512 16.1334 21.0996 22.8584 10.8842 39.1881 35.3911 28.288 40.6537 18.3387 25.216 30.5792 29.0535 27.3049 18.2315 24.5007 39.316 34.8494 18.4143 22.8651 ]
D = [ 277 333 411 432 520 551 628 685 711 789 843 875 972 885 792 734 650 578 659 758 883 712 544 417 246 290 375 452 518 569 632 674 747 811 871 966 1029 912 850 747 660 568 643 744 867 705 548 417 ]
K = 21
nk = [ 0 1 2 3 4 5 6 7 8 9 10 11 12 13 14 15 16 17 18 19 ]
First = [ 0 0 0 0 0 0 0 0 0 0 0 0 0 0 0 0 0 0 0 0 ]
Last = [ 0 0 0 0 0 0 0 0 0 0 0 0 0 0 0 0 0 0 0 0 ]
nS = 6
S = [ 1 0 0 1 1 0 0 0 0 0 1 0 0 0 1 0 0 0 0 1 ]
