n = 20 ; 
T = 24 ; 
Init = [ 0 0 0 0 1 0 0 1 0 0 0 0 1 1 1 1 1 0 0 0 ]
L = [ 6 7 8 6 2 7 2 8 8 9 8 6 9 7 6 3 7 6 2 7 ]
l = [ 6 7 8 6 2 7 2 8 8 9 8 6 9 7 6 3 7 6 2 7 ]
Pmin = [ 71 73 92 66 22 75 18 95 81 100 93 61 90 70 64 35 83 59 18 66 ]
Pmax = [ 71 73 92 66 22 75 18 95 81 100 93 61 90 70 64 35 83 59 18 66 ]
cf = [ 11.8367 21.5845 21.0584 33.4704 48.4818 18.982 14.5133 44.172 31.5091 42.0049 47.6103 42.0488 69.4686 16.1372 62.8319 11.1753 29.6717 42.7239 7.28713 25.4166 ]
c0 = [ 184 196 242 176 64 194 69 250 226 250 244 170 229 188 167 109 225 168 63 180 ]
cp = [ 26.7738 29.8986 12.9222 12.9292 37.8593 15.2366 40.3632 17.7983 14.0542 11.739 19.8719 25.4638 15.5282 27.6613 31.5599 28.2444 18.3267 29.6435 39.8616 28.0565 ]
D = [ 1076 601 1192 1301 1149 1324 895 823 1023 149 209 1125 457 506 353 2 760 512 788 1278 1252 315 687 1241 ]
K = 21
nk = [ 1961040728 32697 1961040728 32697 0 0 0 0 0 0 0 0 0 0 0 0 0 0 0 0 ]
First = [ 0 0 0 0 0 0 0 0 0 0 0 0 0 0 0 0 0 0 0 0 ]
Last = [ 0 0 0 0 0 0 0 0 0 0 0 0 0 0 0 0 0 0 0 0 ]
nS = 4
S = [ 1 0 0 0 0 0 0 0 1 0 0 1 0 1 0 0 0 0 0 0 ]
