n = 20 ; 
T = 24 ; 
Init = [ 1 1 0 1 1 0 1 0 1 1 1 0 0 1 1 0 1 1 0 1 ]
L = [ 10 9 4 9 9 9 8 10 2 4 8 4 10 5 8 4 6 5 5 4 ]
l = [ 10 9 4 9 9 9 8 10 2 4 8 4 10 5 8 4 6 5 5 4 ]
Pmin = [ 100 98 51 100 97 89 81 100 19 41 83 44 100 53 89 36 58 55 42 41 ]
Pmax = [ 100 98 51 100 97 89 81 100 19 41 83 44 100 53 89 36 58 55 42 41 ]
cf = [ 51.7483 69.5453 37.6137 67.1381 14.1063 50.7697 17.1158 22.9716 40.5416 18.4025 35.7695 11.2365 16.6367 65.4017 68.8925 46.2769 10.9403 51.4414 49.1173 67.2374 ]
c0 = [ 250 250 144 250 250 228 221 250 75 108 219 128 250 142 227 113 162 154 128 120 ]
cp = [ 10.436 13.071 33.3977 17.5276 10.9576 13.8481 27.2186 8.54053 41.5658 38.102 15.3672 27.5958 12.9802 15.7921 17.993 23.9537 27.0375 32.2844 27.643 33.0159 ]
D = [ 1010 116 671 246 442 830 1248 1202 170 947 521 1149 937 1190 1086 1092 770 1307 64 126 179 693 219 390 ]
K = 21
nk = [ 1961040728 32697 1961040728 32697 0 0 0 0 0 0 0 0 0 0 0 0 0 0 0 0 ]
First = [ 0 0 0 0 0 0 0 0 0 0 0 0 0 0 0 0 0 0 0 0 ]
Last = [ 0 0 0 0 0 0 0 0 0 0 0 0 0 0 0 0 0 0 0 0 ]
nS = 3
S = [ 1 0 0 0 0 0 0 0 0 1 0 0 0 0 1 0 0 0 0 0 ]
