n = 20 ; 
T = 24 ; 
Init = [ 1 0 1 0 0 1 0 1 1 0 1 1 0 1 0 0 0 0 1 0 ]
L = [ 7 7 9 5 8 2 7 3 6 3 4 5 5 6 5 6 5 7 2 3 ]
l = [ 7 7 9 5 8 2 7 3 6 3 4 5 5 6 5 6 5 7 2 3 ]
Pmin = [ 74 83 95 49 87 27 80 31 57 31 38 43 49 64 56 60 54 77 26 31 ]
Pmax = [ 74 83 95 49 87 27 80 31 57 31 38 43 49 64 56 60 54 77 26 31 ]
cf = [ 21.9054 41.3204 65.2051 13.7311 39.3505 56.445 52.2278 26.0984 11.803 23.9408 18.5005 43.8422 40.5912 14.7973 43.6532 9.20362 43.9179 47.2995 20.7015 65.9682 ]
c0 = [ 200 216 250 150 230 87 203 88 156 104 122 131 149 171 153 175 143 203 73 96 ]
cp = [ 16.5796 18.4793 19.9913 19.9854 14.4663 41.8648 21.9021 39.892 23.7975 36.8797 34.0853 24.4168 25.3178 26.5647 16.3509 26.9542 38.5969 15.0878 31.8797 37.1864 ]
D = [ 589 114 853 457 523 172 346 702 546 364 84 809 970 1111 928 429 872 614 766 957 913 969 495 394 ]
K = 21
nk = [ 1961040728 32697 1961040728 32697 0 0 0 0 0 0 0 0 0 0 0 0 0 0 0 0 ]
First = [ 0 0 0 0 0 0 0 0 0 0 0 0 0 0 0 0 0 0 0 0 ]
Last = [ 0 0 0 0 0 0 0 0 0 0 0 0 0 0 0 0 0 0 0 0 ]
nS = 7
S = [ 1 1 0 1 0 1 0 1 0 1 0 0 0 0 0 0 0 0 1 0 ]
