n = 20 ; 
T = 24 ; 
Init = [ 0 1 0 1 1 0 0 0 1 1 1 0 1 1 0 1 1 0 0 0 ]
L = [ 7 3 5 5 3 3 8 5 6 5 3 7 6 7 3 5 4 8 4 8 ]
l = [ 7 3 5 5 3 3 8 5 6 5 3 7 6 7 3 5 4 8 4 8 ]
Pmin = [ 75 34 51 51 21 34 84 45 75 58 21 77 66 82 28 56 38 89 30 84 ]
Pmax = [ 75 34 51 51 21 34 84 45 75 58 21 77 66 82 28 56 38 89 30 84 ]
cf = [ 31.6358 39.0345 57.9436 51.1945 69.3224 66.249 38.7223 18.5702 22.6944 44.846 25.7343 13.9758 8.92955 63.2262 50.5182 15.397 14.4427 40.5623 68.9156 19.1547 ]
c0 = [ 210 101 146 145 64 96 230 137 193 156 65 215 188 212 100 148 117 235 92 225 ]
cp = [ 15.6954 33.7259 27.3446 32.2664 41.8108 27.3292 23.2044 27.4514 24.3517 34.76 39.4063 24.1998 29.7763 22.3295 38.9832 23.4852 29.3263 11.7464 33.202 23.6584 ]
D = [ 915 219 73 825 515 24 1043 193 610 371 811 1039 930 600 711 918 535 166 21 809 826 348 930 859 ]
K = 21
nk = [ 1961040728 32697 1961040728 32697 0 0 0 0 0 0 0 0 0 0 0 0 0 0 0 0 ]
First = [ 0 0 0 0 0 0 0 0 0 0 0 0 0 0 0 0 0 0 0 0 ]
Last = [ 0 0 0 0 0 0 0 0 0 0 0 0 0 0 0 0 0 0 0 0 ]
nS = 2
S = [ 1 0 0 0 0 0 0 0 1 0 0 0 0 0 0 0 0 0 0 0 ]
