n = 20 ; 
T = 24 ; 
Init = [ 0 0 0 0 1 1 0 0 1 1 0 1 1 1 1 0 1 1 0 1 ]
L = [ 4 7 5 4 9 5 10 7 7 3 3 8 5 4 3 3 6 5 5 6 ]
l = [ 4 7 5 4 9 5 10 7 7 3 3 8 5 4 3 3 6 5 5 6 ]
Pmin = [ 36 73 49 48 100 50 100 70 81 25 35 78 44 38 28 27 67 52 49 60 ]
Pmax = [ 36 73 49 48 100 50 100 70 81 25 35 78 44 38 28 27 67 52 49 60 ]
cf = [ 30.2602 68.3303 38.2278 42.561 11.5209 39.2221 20.3041 16.4736 25.9202 61.3431 67.2984 29.4652 37.59 59.9947 34.1645 49.976 33.8039 39.2945 52.1392 48.4893 ]
c0 = [ 98 199 148 128 250 144 250 178 210 82 105 214 121 115 89 75 188 153 139 163 ]
cp = [ 33.3018 22.3077 21.6552 33.7644 17.4343 21.2969 10.6364 24.378 20.1638 40.406 36.2357 14.2789 29.0018 30.9048 38.9511 36.0352 31.4283 15.2753 25.3586 34.1049 ]
D = [ 254 285 350 418 479 543 564 651 693 762 828 890 945 827 759 702 633 538 632 766 842 734 556 423 ]
K = 21
nk = [ 0 0 0 0 0 0 0 0 0 0 0 0 0 0 0 0 0 0 0 0 ]
First = [ 0 0 0 0 0 0 0 0 0 0 0 0 0 0 0 0 0 0 0 0 ]
Last = [ 0 0 0 0 0 0 0 0 0 0 0 0 0 0 0 0 0 0 0 0 ]
nS = 3
S = [ 1 0 0 0 0 0 0 0 0 0 0 0 0 0 0 1 0 1 0 0 ]
