n = 20 ; 
T = 24 ; 
Init = [ 0 1 1 1 1 1 1 1 0 0 1 1 0 1 1 1 0 1 0 0 ]
L = [ 4 6 3 4 3 6 5 9 5 3 7 9 5 2 3 9 5 7 5 8 ]
l = [ 4 6 3 4 3 6 5 9 5 3 7 9 5 2 3 9 5 7 5 8 ]
Pmin = [ 38 70 22 49 30 61 44 100 56 27 76 96 54 23 31 100 61 70 47 85 ]
Pmax = [ 38 70 22 49 30 61 44 100 56 27 76 96 54 23 31 100 61 70 47 85 ]
cf = [ 56.8773 28.9554 54.463 54.1233 68.9657 35.3173 34.3729 62.1458 28.3622 63.7614 51.1353 30.4928 41.4273 53.8445 58.456 51.5799 26.0187 19.4236 37.1511 62.2826 ]
c0 = [ 101 192 65 139 85 170 124 250 158 90 193 250 152 69 100 250 170 181 134 229 ]
cp = [ 33.9838 24.8475 39.1526 30.6528 33.789 14.3082 26.1001 10.4847 21.1343 36.1739 20.2721 10.194 33.9459 37.403 36.9672 10.5176 23.4377 17.1547 22.6171 18.7282 ]
D = [ 1038 652 812 533 776 474 277 381 639 781 50 402 39 909 114 20 281 610 1018 668 497 676 1093 1120 ]
K = 21
nk = [ 1961040728 32697 1961040728 32697 0 0 0 0 0 0 0 0 0 0 0 0 0 0 0 0 ]
First = [ 0 0 0 0 0 0 0 0 0 0 0 0 0 0 0 0 0 0 0 0 ]
Last = [ 0 0 0 0 0 0 0 0 0 0 0 0 0 0 0 0 0 0 0 0 ]
nS = 3
S = [ 1 1 0 0 0 0 0 0 0 0 0 0 0 0 0 0 1 0 0 0 ]
