n = 20 ; 
T = 24 ; 
Init = [ 0 1 0 0 1 1 0 1 0 1 1 0 1 1 1 1 0 0 0 1 ]
L = [ 3 9 9 4 7 3 6 4 9 6 8 10 4 4 4 6 8 4 7 8 ]
l = [ 3 9 9 4 7 3 6 4 9 6 8 10 4 4 4 6 8 4 7 8 ]
Pmin = [ 28 100 98 42 79 26 72 38 99 63 82 100 45 45 40 67 83 40 82 84 ]
Pmax = [ 28 100 98 42 79 26 72 38 99 63 82 100 45 45 40 67 83 40 82 84 ]
cf = [ 34.5496 33.5141 39.3674 28.5951 21.907 49.0434 43.61 13.1408 33.3165 28.0369 55.879 35.7257 46.9826 40.5027 33.8333 52.3295 52.0283 18.3994 66.4978 68.3577 ]
c0 = [ 79 250 250 134 202 78 199 107 250 171 218 250 141 136 117 186 214 112 215 224 ]
cp = [ 37.763 14.8601 11.2212 28.6843 17.2421 33.4133 19.2177 29.9543 13.8421 28.1443 13.289 8.91469 32.0311 36.5459 26.9434 27.5732 18.674 37.8108 21.8579 13.0731 ]
D = [ 844 582 829 791 350 218 397 715 587 857 209 1161 97 884 298 407 447 1061 535 995 187 241 281 1020 ]
K = 21
nk = [ 0 0 0 0 0 0 0 0 0 0 0 0 0 0 0 0 0 0 0 0 ]
First = [ 0 0 0 0 0 0 0 0 0 0 0 0 0 0 0 0 0 0 0 0 ]
Last = [ 0 0 0 0 0 0 0 0 0 0 0 0 0 0 0 0 0 0 0 0 ]
nS = 7
S = [ 1 0 0 0 0 0 1 1 1 1 0 0 0 0 1 0 1 0 0 0 ]
