n = 20 ; 
T = 24 ; 
Init = [ 0 1 1 1 1 0 0 1 0 1 0 0 0 0 1 1 0 1 1 1 ]
L = [ 2 5 3 8 3 8 4 9 6 5 2 4 5 4 3 3 5 3 8 4 ]
l = [ 2 5 3 8 3 8 4 9 6 5 2 4 5 4 3 3 5 3 8 4 ]
Pmin = [ 18 50 29 88 35 88 33 100 62 55 20 39 45 42 27 26 49 25 97 38 ]
Pmax = [ 18 50 29 88 35 88 33 100 62 55 20 39 45 42 27 26 49 25 97 38 ]
cf = [ 51.4464 21.206 28.1545 26.8915 10.6547 38.0065 37.0459 8.78276 53.1711 25.4553 52.764 65.1958 24.1695 16.0138 25.7877 32.0981 16.0659 48.0894 59.8377 68.8376 ]
c0 = [ 57 151 89 230 97 221 97 250 177 149 75 113 133 116 89 79 142 90 250 120 ]
cp = [ 41.8207 29.5382 37.9169 13.3414 28.984 15.3375 35.8498 10.3162 15.8079 27.2818 39.3043 34.5352 32.3336 37.9163 36.4564 39.3427 34.9428 39.2246 15.5965 36.9934 ]
D = [ 299 343 372 431 470 503 557 617 654 708 758 773 826 782 709 629 563 498 590 677 737 614 510 370 ]
K = 21
nk = [ -1360000168 32585 -1360000168 32585 0 0 0 0 0 0 0 0 0 0 0 0 0 0 0 0 ]
First = [ 0 0 0 0 0 0 0 0 0 0 0 0 0 0 0 0 0 0 0 0 ]
Last = [ 0 0 0 0 0 0 0 0 0 0 0 0 0 0 0 0 0 0 0 0 ]
nS = 2
S = [ 1 0 0 0 0 0 0 0 0 0 0 0 0 0 1 0 0 0 0 0 ]
