n = 20 ; 
T = 24 ; 
Init = [ 1 1 1 1 1 0 1 0 1 1 1 1 1 0 1 1 0 0 1 0 ]
L = [ 5 10 5 6 6 6 4 3 8 9 5 5 9 5 7 8 3 7 5 3 ]
l = [ 5 10 5 6 6 6 4 3 8 9 5 5 9 5 7 8 3 7 5 3 ]
Pmin = [ 43 100 59 62 57 64 42 27 79 92 59 48 94 58 80 99 27 70 61 23 ]
Pmax = [ 43 100 59 62 57 64 42 27 79 92 59 48 94 58 80 99 27 70 61 23 ]
cf = [ 68.6538 18.3947 46.7414 40.8081 14.9843 45.9949 30.1884 25.6516 52.4235 14.6471 45.4262 65.0327 31.7142 10.7527 33.9774 45.5641 19.4037 61.9361 9.50741 53.4572 ]
c0 = [ 118 250 162 170 152 166 121 85 212 234 165 127 239 157 204 250 90 199 161 68 ]
cp = [ 33.271 10.4669 32.9601 24.4299 37.6093 31.972 33.3077 34.5211 22.7752 11.8815 28.2601 22.3617 13.6602 29.5965 21.6106 10.4832 39.3369 25.6344 28.1502 40.842 ]
D = [ 12 834 1070 170 1226 1152 390 768 1047 624 875 1021 849 416 444 1007 1186 902 131 839 1053 890 741 297 ]
K = 21
nk = [ 0 0 0 0 0 0 0 0 0 0 0 0 0 0 0 0 0 0 0 0 ]
First = [ 0 0 0 0 0 0 0 0 0 0 0 0 0 0 0 0 0 0 0 0 ]
Last = [ 0 0 0 0 0 0 0 0 0 0 0 0 0 0 0 0 0 0 0 0 ]
nS = 4
S = [ 1 0 0 0 0 0 0 0 1 1 0 0 0 1 0 0 0 0 0 0 ]
