n = 20 ; 
T = 24 ; 
Init = [ 0 0 0 0 0 0 0 0 0 0 0 0 0 1 1 1 1 1 1 1 ]
L = [ 9 9 9 7 7 7 7 7 7 5 5 5 5 7 7 7 7 7 7 7 ]
l = [ 9 9 9 7 7 7 7 7 7 5 5 5 5 7 7 7 7 7 7 7 ]
Pmin = [ 98 98 98 67 67 67 67 67 67 53 53 53 53 82 82 82 82 82 68 68 ]
Pmax = [ 392 392 392 272 272 272 272 272 272 212 212 212 212 306 306 306 306 306 275 275 ]
cf = [ 66.8373 66.8373 66.8373 32.6206 32.6206 32.6206 32.6206 32.6206 32.6206 41.7426 41.7426 41.7426 41.7426 15.3327 15.3327 15.3327 15.3327 15.3327 35.8199 35.8199 ]
c0 = [ 251 254 258 183 185 188 191 196 201 142 143 145 148 231 233 237 241 247 183 185 ]
cp = [ 19.5371 19.5371 19.5371 24.436 24.436 24.436 24.436 24.436 24.436 27.6655 27.6655 27.6655 27.6655 15.1794 15.1794 15.1794 15.1794 15.1794 27.767 27.767 ]
D = [ 4422 4703 5559 1976 3115 2026 313 5202 2643 1053 3112 2355 3386 539 3114 274 1441 1227 3869 5486 1128 942 2519 3986 ]
K = 5
nk = [ 1 1 1 2 2 2 2 2 2 3 3 3 3 4 4 4 4 4 5 5 ]
First = [ 1 0 0 1 0 0 0 0 0 1 0 0 0 1 0 0 0 0 1 0 ]
Last = [ 0 0 1 0 0 0 0 0 1 0 0 0 1 0 0 0 0 1 0 1 ]
nS = 4
S = [ 1 0 0 0 0 0 0 0 0 1 0 0 0 1 0 0 0 0 1 0 ]
