n = 20 ; 
T = 24 ; 
Init = [ 1 1 1 1 1 1 1 1 1 1 1 0 0 0 0 1 1 1 1 1 ]
L = [ 6 6 6 6 6 7 7 7 7 7 10 5 5 6 6 8 9 9 9 2 ]
l = [ 6 6 6 6 6 7 7 7 7 7 10 5 5 6 6 8 9 9 9 2 ]
Pmin = [ 65 65 65 65 65 78 78 78 78 78 100 53 53 63 63 78 100 100 100 22 ]
Pmax = [ 250 250 250 250 250 303 303 303 303 303 420 183 183 232 232 313 397 397 397 41 ]
cf = [ 31.2717 31.2717 31.2717 31.2717 31.2717 10.2573 10.2573 10.2573 10.2573 10.2573 42.5112 21.9707 21.9707 48.0459 48.0459 50.7275 27.1396 27.1396 27.1396 33.2558 ]
c0 = [ 186 188 190 194 199 204 206 209 213 218 251 160 162 173 174 200 251 254 258 66 ]
cp = [ 24.8917 24.8917 24.8917 24.8917 24.8917 32.2054 32.2054 32.2054 32.2054 32.2054 8.52462 35.4092 35.4092 21.9794 21.9794 21.2206 12.2832 12.2832 12.2832 41.5333 ]
D = [ 2047 1587 5245 3101 4407 2266 2360 3459 2627 1345 3956 4769 1632 1530 530 5255 5390 2307 2012 3494 1250 1581 896 1565 ]
K = 8
nk = [ 1 1 1 1 1 2 2 2 2 2 3 4 4 5 5 6 7 7 7 8 ]
First = [ 1 0 0 0 0 1 0 0 0 0 1 1 0 1 0 1 1 0 0 1 ]
Last = [ 0 0 0 0 1 0 0 0 0 1 1 0 1 0 1 1 0 0 1 1 ]
nS = 2
S = [ 1 0 0 0 0 1 0 0 0 0 0 0 0 0 0 0 0 0 0 0 ]
