n = 20 ; 
T = 24 ; 
Init = [ 1 1 1 1 1 1 1 1 1 0 0 0 1 1 0 0 0 0 0 0 ]
L = [ 3 3 3 8 8 8 8 8 8 4 4 4 3 3 3 3 3 3 3 8 ]
l = [ 3 3 3 8 8 8 8 8 8 4 4 4 3 3 3 3 3 3 3 8 ]
Pmin = [ 31 31 31 89 89 89 89 89 89 41 41 41 31 31 19 19 19 19 19 86 ]
Pmax = [ 93 93 93 350 350 350 350 350 350 135 135 135 92 92 64 64 64 64 64 350 ]
cf = [ 44.6751 44.6751 44.6751 15.0117 15.0117 15.0117 15.0117 15.0117 15.0117 46.8553 46.8553 46.8553 23.069 23.069 62.0333 62.0333 62.0333 62.0333 62.0333 20.1352 ]
c0 = [ 100 101 103 239 241 245 249 255 263 130 131 133 94 95 65 65 66 68 69 235 ]
cp = [ 35.7201 35.7201 35.7201 17.7314 17.7314 17.7314 17.7314 17.7314 17.7314 34.3004 34.3004 34.3004 41.2065 41.2065 39.1303 39.1303 39.1303 39.1303 39.1303 12.0969 ]
D = [ 86 633 273 3206 380 2484 2956 793 3135 1576 562 1673 2039 2864 2601 1579 3622 3469 2284 843 3454 3054 347 2176 ]
K = 6
nk = [ 1 1 1 2 2 2 2 2 2 3 3 3 4 4 5 5 5 5 5 6 ]
First = [ 1 0 0 1 0 0 0 0 0 1 0 0 1 0 1 0 0 0 0 1 ]
Last = [ 0 0 1 0 0 0 0 0 1 0 0 1 0 1 0 0 0 0 1 1 ]
nS = 1
S = [ 1 0 0 0 0 0 0 0 0 0 0 0 0 0 0 0 0 0 0 0 ]
