n = 20 ; 
T = 24 ; 
Init = [ 0 0 0 0 0 1 1 1 1 0 0 0 0 1 1 1 1 1 1 1 ]
L = [ 3 3 3 3 3 6 6 6 6 7 7 7 7 4 4 4 4 2 2 2 ]
l = [ 3 3 3 3 3 6 6 6 6 7 7 7 7 4 4 4 4 2 2 2 ]
Pmin = [ 35 35 35 35 35 65 65 65 65 77 77 77 77 38 38 38 38 19 27 27 ]
Pmax = [ 99 99 99 99 99 244 244 244 244 300 300 300 300 136 136 136 136 56 73 73 ]
cf = [ 41.1391 41.1391 41.1391 41.1391 41.1391 21.6931 21.6931 21.6931 21.6931 40.4883 40.4883 40.4883 40.4883 44.5166 44.5166 44.5166 44.5166 50.7503 45.8683 45.8683 ]
c0 = [ 103 104 106 108 110 175 176 179 182 213 215 218 223 120 121 123 125 71 77 78 ]
cp = [ 36.7841 36.7841 36.7841 36.7841 36.7841 14.9113 14.9113 14.9113 14.9113 15.5047 15.5047 15.5047 15.5047 36.6487 36.6487 36.6487 36.6487 41.9248 34.9503 34.9503 ]
D = [ 3197 2462 691 2190 650 1894 2309 1370 380 718 936 2232 1515 2752 850 471 1443 2042 108 33 3388 1481 3224 2592 ]
K = 6
nk = [ 1 1 1 1 1 2 2 2 2 3 3 3 3 4 4 4 4 5 6 6 ]
First = [ 1 0 0 0 0 1 0 0 0 1 0 0 0 1 0 0 0 1 1 0 ]
Last = [ 0 0 0 0 1 0 0 0 1 0 0 0 1 0 0 0 1 1 0 1 ]
nS = 4
S = [ 1 0 0 0 0 1 0 0 0 1 0 0 0 0 0 0 0 1 0 0 ]
