n = 20 ; 
T = 24 ; 
Init = [ 1 0 0 0 0 0 0 1 1 1 0 0 0 0 0 0 1 0 0 0 ]
L = [ 8 8 8 8 8 8 8 6 6 6 10 10 10 10 10 10 6 5 5 5 ]
l = [ 8 8 8 8 8 8 8 6 6 6 10 10 10 10 10 10 6 5 5 5 ]
Pmin = [ 76 95 95 95 95 95 95 72 72 72 100 100 100 100 100 100 60 51 51 51 ]
Pmax = [ 301 361 361 361 361 361 361 275 275 275 420 420 420 420 420 420 244 175 175 175 ]
cf = [ 10.8367 41.1758 41.1758 41.1758 41.1758 41.1758 41.1758 36.9553 36.9553 36.9553 24.8467 24.8467 24.8467 24.8467 24.8467 24.8467 16.3931 26.0337 26.0337 26.0337 ]
c0 = [ 206 251 254 258 263 269 276 194 196 199 251 254 258 263 269 276 156 141 142 145 ]
cp = [ 11.4206 12.718 12.718 12.718 12.718 12.718 12.718 27.2353 27.2353 27.2353 12.1865 12.1865 12.1865 12.1865 12.1865 12.1865 29.4246 27.7492 27.7492 27.7492 ]
D = [ 980 4240 2035 5151 1938 1449 3124 4753 6497 1903 930 317 5473 4059 2181 6454 6047 4565 5370 2235 1555 2794 1872 4730 ]
K = 6
nk = [ 1 2 2 2 2 2 2 3 3 3 4 4 4 4 4 4 5 6 6 6 ]
First = [ 1 1 0 0 0 0 0 1 0 0 1 0 0 0 0 0 1 1 0 0 ]
Last = [ 1 0 0 0 0 0 1 0 0 1 0 0 0 0 0 1 1 0 0 1 ]
nS = 3
S = [ 1 1 0 0 0 0 0 0 0 0 0 0 0 0 0 0 0 1 0 0 ]
