n = 20 ; 
T = 24 ; 
Init = [ 1 1 1 1 1 1 1 1 1 1 1 1 1 1 1 1 1 1 1 1 ]
L = [ 6 6 6 6 7 7 7 7 7 7 8 8 8 8 8 8 9 9 9 3 ]
l = [ 6 6 6 6 7 7 7 7 7 7 8 8 8 8 8 8 9 9 9 3 ]
Pmin = [ 65 65 65 65 76 76 76 76 76 76 90 90 90 90 90 90 88 88 88 42 ]
Pmax = [ 235 235 235 235 275 275 275 275 275 275 374 374 374 374 374 374 355 355 355 131 ]
cf = [ 59.2985 59.2985 59.2985 59.2985 16.0978 16.0978 16.0978 16.0978 16.0978 16.0978 12.4321 12.4321 12.4321 12.4321 12.4321 12.4321 44.0028 44.0028 44.0028 29.8202 ]
c0 = [ 186 188 191 195 204 206 209 213 218 224 244 247 251 255 261 269 232 234 238 132 ]
cp = [ 21.5867 21.5867 21.5867 21.5867 13.0486 13.0486 13.0486 13.0486 13.0486 13.0486 11.4307 11.4307 11.4307 11.4307 11.4307 11.4307 22.876 22.876 22.876 37.7282 ]
D = [ 1353 1205 1167 4125 3637 1701 261 2258 4449 4502 408 3425 5372 928 936 1527 4254 2557 951 5461 4271 5807 5662 3101 ]
K = 5
nk = [ 1 1 1 1 2 2 2 2 2 2 3 3 3 3 3 3 4 4 4 5 ]
First = [ 1 0 0 0 1 0 0 0 0 0 1 0 0 0 0 0 1 0 0 1 ]
Last = [ 0 0 0 1 0 0 0 0 0 1 0 0 0 0 0 1 0 0 1 1 ]
nS = 2
S = [ 1 0 0 0 0 0 0 0 0 0 0 0 0 0 0 0 1 0 0 0 ]
