n = 20 ; 
T = 24 ; 
Init = [ 1 0 0 0 0 0 0 1 1 1 1 0 0 0 0 1 1 1 1 1 ]
L = [ 4 10 10 10 10 10 10 9 9 9 9 4 4 4 4 8 8 8 8 8 ]
l = [ 4 10 10 10 10 10 10 9 9 9 9 4 4 4 4 8 8 8 8 8 ]
Pmin = [ 33 100 100 100 100 100 100 98 98 98 98 37 37 37 37 84 84 84 84 84 ]
Pmax = [ 122 420 420 420 420 420 420 394 394 394 394 131 131 131 131 329 329 329 329 329 ]
cf = [ 66.4629 37.1448 37.1448 37.1448 37.1448 37.1448 37.1448 43.9839 43.9839 43.9839 43.9839 14.3319 14.3319 14.3319 14.3319 68.7088 68.7088 68.7088 68.7088 68.7088 ]
c0 = [ 107 251 254 258 263 269 276 251 254 258 263 121 122 124 126 232 235 238 243 249 ]
cp = [ 31.3722 8.9761 8.9761 8.9761 8.9761 8.9761 8.9761 14.0191 14.0191 14.0191 14.0191 24.9301 24.9301 24.9301 24.9301 14.8719 14.8719 14.8719 14.8719 14.8719 ]
D = [ 2119 2546 6102 5132 260 3517 5119 5747 1164 5480 5878 805 2149 3240 1549 2018 4426 5477 2051 1111 4892 4339 2754 1442 ]
K = 5
nk = [ 1 2 2 2 2 2 2 3 3 3 3 4 4 4 4 5 5 5 5 5 ]
First = [ 1 1 0 0 0 0 0 1 0 0 0 1 0 0 0 1 0 0 0 0 ]
Last = [ 1 0 0 0 0 0 1 0 0 0 1 0 0 0 1 0 0 0 0 1 ]
nS = 3
S = [ 1 0 0 0 0 0 0 0 0 0 0 1 0 0 0 1 0 0 0 0 ]
