n = 20 ; 
T = 24 ; 
Init = [ 0 1 1 1 1 1 1 1 1 1 1 1 1 1 0 0 0 0 0 0 ]
L = [ 5 7 7 7 7 6 6 6 6 3 3 3 3 3 9 9 9 9 9 9 ]
l = [ 5 7 7 7 7 6 6 6 6 3 3 3 3 3 9 9 9 9 9 9 ]
Pmin = [ 51 72 72 72 72 68 68 68 68 25 25 25 25 25 100 100 100 100 100 100 ]
Pmax = [ 170 258 258 258 258 240 240 240 240 85 85 85 85 85 420 420 420 420 420 420 ]
cf = [ 65.5839 21.2555 21.2555 21.2555 21.2555 32.4228 32.4228 32.4228 32.4228 53.1602 53.1602 53.1602 53.1602 53.1602 47.7441 47.7441 47.7441 47.7441 47.7441 47.7441 ]
c0 = [ 133 190 192 194 198 190 192 195 198 75 76 77 78 80 251 254 258 263 269 276 ]
cp = [ 31.3912 25.7804 25.7804 25.7804 25.7804 14.3492 14.3492 14.3492 14.3492 29.8435 29.8435 29.8435 29.8435 29.8435 10.1612 10.1612 10.1612 10.1612 10.1612 10.1612 ]
D = [ 3776 4854 2989 410 1918 975 1128 3368 2174 2208 3737 1816 3363 691 451 1559 4829 3145 4686 2142 2042 3513 4749 2524 ]
K = 5
nk = [ 1 2 2 2 2 3 3 3 3 4 4 4 4 4 5 5 5 5 5 5 ]
First = [ 1 1 0 0 0 1 0 0 0 1 0 0 0 0 1 0 0 0 0 0 ]
Last = [ 1 0 0 0 1 0 0 0 1 0 0 0 0 1 0 0 0 0 0 1 ]
nS = 4
S = [ 1 1 0 0 0 1 0 0 0 1 0 0 0 0 0 0 0 0 0 0 ]
