n = 20 ; 
T = 24 ; 
Init = [ 0 0 0 0 0 0 1 0 1 1 1 1 1 0 1 1 1 1 1 1 ]
L = [ 6 6 6 6 6 6 8 2 3 3 3 3 3 6 6 6 6 9 9 9 ]
l = [ 6 6 6 6 6 6 8 2 3 3 3 3 3 6 6 6 6 9 9 9 ]
Pmin = [ 60 60 60 60 60 60 88 14 30 30 30 30 30 68 69 69 69 100 100 100 ]
Pmax = [ 239 239 239 239 239 239 362 45 98 98 98 98 98 265 263 263 263 387 387 387 ]
cf = [ 13.8942 13.8942 13.8942 13.8942 13.8942 13.8942 63.8328 36.9646 46.1086 46.1086 46.1086 46.1086 46.1086 38.1219 22.1423 22.1423 22.1423 59.5904 59.5904 59.5904 ]
c0 = [ 162 163 166 169 173 178 238 62 85 86 87 89 91 179 196 197 200 251 254 258 ]
cp = [ 35.1459 35.1459 35.1459 35.1459 35.1459 35.1459 11.2024 41.6566 37.3719 37.3719 37.3719 37.3719 37.3719 31.5986 20.0353 20.0353 20.0353 18.7585 18.7585 18.7585 ]
D = [ 3194 4240 1574 449 3466 4218 4087 447 1910 2112 2804 2407 1667 420 684 3912 1512 4478 3361 948 3069 1766 1579 496 ]
K = 7
nk = [ 1 1 1 1 1 1 2 3 4 4 4 4 4 5 6 6 6 7 7 7 ]
First = [ 1 0 0 0 0 0 1 1 1 0 0 0 0 1 1 0 0 1 0 0 ]
Last = [ 0 0 0 0 0 1 1 1 0 0 0 0 1 1 0 0 1 0 0 1 ]
nS = 3
S = [ 1 0 0 0 0 0 0 0 0 0 0 0 0 1 1 0 0 0 0 0 ]
