n = 20 ; 
T = 24 ; 
Init = [ 1 1 1 1 1 1 1 1 1 1 1 1 1 1 1 1 0 0 0 0 ]
L = [ 7 7 7 7 7 7 4 4 4 4 4 5 5 5 5 5 4 4 4 4 ]
l = [ 7 7 7 7 7 7 4 4 4 4 4 5 5 5 5 5 4 4 4 4 ]
Pmin = [ 76 76 76 76 76 76 48 48 48 48 48 57 57 57 57 49 40 40 40 40 ]
Pmax = [ 302 302 302 302 302 302 166 166 166 166 166 202 202 202 202 175 125 125 125 125 ]
cf = [ 35.8731 35.8731 35.8731 35.8731 35.8731 35.8731 60.549 60.549 60.549 60.549 60.549 47.3062 47.3062 47.3062 47.3062 50.7903 36.6277 36.6277 36.6277 36.6277 ]
c0 = [ 196 198 201 205 210 216 145 147 149 152 156 162 164 166 169 146 116 117 118 121 ]
cp = [ 19.098 19.098 19.098 19.098 19.098 19.098 29.0284 29.0284 29.0284 29.0284 29.0284 20.092 20.092 20.092 20.092 21.9165 35.3089 35.3089 35.3089 35.3089 ]
D = [ 3262 3916 1459 937 3841 913 2322 3691 1290 1745 1651 3180 1127 165 1922 3066 1883 2132 1852 1587 3009 1060 1926 3131 ]
K = 5
nk = [ 1 1 1 1 1 1 2 2 2 2 2 3 3 3 3 4 5 5 5 5 ]
First = [ 1 0 0 0 0 0 1 0 0 0 0 1 0 0 0 1 1 0 0 0 ]
Last = [ 0 0 0 0 0 1 0 0 0 0 1 0 0 0 1 1 0 0 0 1 ]
nS = 3
S = [ 1 0 0 0 0 0 0 0 0 0 0 1 0 0 0 1 0 0 0 0 ]
