n = 20 ; 
T = 24 ; 
Init = [ 1 1 1 1 1 1 1 1 1 1 0 0 0 0 0 0 0 0 0 0 ]
L = [ 10 10 10 10 10 5 2 2 2 2 3 3 3 3 3 3 5 5 5 2 ]
l = [ 10 10 10 10 10 5 2 2 2 2 3 3 3 3 3 3 5 5 5 2 ]
Pmin = [ 100 100 100 100 100 51 16 16 16 16 17 17 17 17 17 17 56 56 56 20 ]
Pmax = [ 414 414 414 414 414 197 27 27 27 27 56 56 56 56 56 56 219 219 219 71 ]
cf = [ 15.5688 15.5688 15.5688 15.5688 15.5688 48.7075 68.2931 68.2931 68.2931 68.2931 15.367 15.367 15.367 15.367 15.367 15.367 53.2018 53.2018 53.2018 33.2686 ]
c0 = [ 251 254 258 263 269 154 54 54 55 56 74 74 76 77 79 81 146 148 150 72 ]
cp = [ 12.1404 12.1404 12.1404 12.1404 12.1404 29.6213 41.5951 41.5951 41.5951 41.5951 34.91 34.91 34.91 34.91 34.91 34.91 15.9232 15.9232 15.9232 40.7186 ]
D = [ 3437 667 2692 724 3004 69 2401 2149 2584 1068 1082 3052 3344 989 69 2427 2423 199 901 254 2314 833 1636 670 ]
K = 6
nk = [ 1 1 1 1 1 2 3 3 3 3 4 4 4 4 4 4 5 5 5 6 ]
First = [ 1 0 0 0 0 1 1 0 0 0 1 0 0 0 0 0 1 0 0 1 ]
Last = [ 0 0 0 0 1 1 0 0 0 1 0 0 0 0 0 1 0 0 1 1 ]
nS = 2
S = [ 1 0 0 0 0 0 0 0 0 0 0 0 0 0 0 0 1 0 0 0 ]
