n = 20 ; 
T = 24 ; 
Init = [ 0 0 0 0 0 0 0 0 0 0 0 0 0 1 1 1 1 1 1 1 ]
L = [ 7 4 4 4 10 10 10 10 10 10 9 9 9 3 3 3 9 9 9 9 ]
l = [ 7 4 4 4 10 10 10 10 10 10 9 9 9 3 3 3 9 9 9 9 ]
Pmin = [ 75 38 38 38 100 100 100 100 100 100 100 100 100 26 26 26 91 91 91 91 ]
Pmax = [ 271 124 124 124 420 420 420 420 420 420 397 397 397 77 77 77 366 366 366 366 ]
cf = [ 31.0535 40.9507 40.9507 40.9507 66.5788 66.5788 66.5788 66.5788 66.5788 66.5788 69.4988 69.4988 69.4988 12.443 12.443 12.443 59.7346 59.7346 59.7346 59.7346 ]
c0 = [ 210 122 124 125 251 254 258 263 269 276 251 254 258 80 81 82 245 248 252 256 ]
cp = [ 25.4719 33.2568 33.2568 33.2568 8.0383 8.0383 8.0383 8.0383 8.0383 8.0383 13.0563 13.0563 13.0563 36.9248 36.9248 36.9248 20.7738 20.7738 20.7738 20.7738 ]
D = [ 4194 2882 6029 5459 2014 4204 4167 3303 4818 2891 2254 1079 102 1925 1031 625 940 5559 1322 4151 5800 3714 335 5407 ]
K = 6
nk = [ 1 2 2 2 3 3 3 3 3 3 4 4 4 5 5 5 6 6 6 6 ]
First = [ 1 1 0 0 1 0 0 0 0 0 1 0 0 1 0 0 1 0 0 0 ]
Last = [ 1 0 0 1 0 0 0 0 0 1 0 0 1 0 0 1 0 0 0 1 ]
nS = 4
S = [ 1 0 0 0 1 0 0 0 0 0 1 0 0 1 0 0 0 0 0 0 ]
