n = 20 ; 
T = 24 ; 
Init = [ 0 0 0 0 0 0 0 1 1 1 0 0 0 0 0 0 0 0 0 0 ]
L = [ 8 8 8 3 3 3 3 3 3 3 4 4 4 4 4 4 6 6 6 6 ]
l = [ 8 8 8 3 3 3 3 3 3 3 4 4 4 4 4 4 6 6 6 6 ]
Pmin = [ 89 89 89 30 30 30 30 26 26 26 40 40 40 40 40 40 59 59 59 59 ]
Pmax = [ 360 360 360 111 111 111 111 94 94 94 142 142 142 142 142 142 234 234 234 234 ]
cf = [ 47.1457 47.1457 47.1457 33.4462 33.4462 33.4462 33.4462 61.3353 61.3353 61.3353 47.6786 47.6786 47.6786 47.6786 47.6786 47.6786 16.9629 16.9629 16.9629 16.9629 ]
c0 = [ 240 243 246 97 98 100 102 79 80 81 111 112 114 116 119 122 164 166 169 172 ]
cp = [ 15.6748 15.6748 15.6748 33.1088 33.1088 33.1088 33.1088 26.5119 26.5119 26.5119 17.6849 17.6849 17.6849 17.6849 17.6849 17.6849 27.7166 27.7166 27.7166 27.7166 ]
D = [ 3508 2988 2554 1019 2412 424 2749 827 879 56 597 3169 1564 102 1896 2133 330 1717 3214 3087 2758 3203 1208 2603 ]
K = 5
nk = [ 1 1 1 2 2 2 2 3 3 3 4 4 4 4 4 4 5 5 5 5 ]
First = [ 1 0 0 1 0 0 0 1 0 0 1 0 0 0 0 0 1 0 0 0 ]
Last = [ 0 0 1 0 0 0 1 0 0 1 0 0 0 0 0 1 0 0 0 1 ]
nS = 2
S = [ 1 0 0 0 0 0 0 1 0 0 0 0 0 0 0 0 0 0 0 0 ]
