n = 20 ; 
T = 24 ; 
Init = [ 1 1 1 1 1 1 1 1 1 1 0 0 0 0 0 0 1 1 1 1 ]
L = [ 8 8 8 8 8 5 5 5 5 5 4 4 4 4 4 4 3 6 6 6 ]
l = [ 8 8 8 8 8 5 5 5 5 5 4 4 4 4 4 4 3 6 6 6 ]
Pmin = [ 86 86 86 86 86 50 50 50 50 50 48 48 48 48 48 48 28 75 75 75 ]
Pmax = [ 354 354 354 354 354 178 178 178 178 178 158 158 158 158 158 158 93 281 281 281 ]
cf = [ 31.2669 31.2669 31.2669 31.2669 31.2669 68.3471 68.3471 68.3471 68.3471 68.3471 42.7935 42.7935 42.7935 42.7935 42.7935 42.7935 55.2318 31.2386 31.2386 31.2386 ]
c0 = [ 233 236 239 244 250 149 150 153 156 159 149 150 152 155 159 163 81 211 213 216 ]
cp = [ 18.4512 18.4512 18.4512 18.4512 18.4512 35.3544 35.3544 35.3544 35.3544 35.3544 26.898 26.898 26.898 26.898 26.898 26.898 40.7718 13.1378 13.1378 13.1378 ]
D = [ 3371 2702 4340 3402 3687 3453 2215 563 4213 2388 3360 1419 2269 1398 354 4017 1869 929 1704 1729 1281 329 508 840 ]
K = 5
nk = [ 1 1 1 1 1 2 2 2 2 2 3 3 3 3 3 3 4 5 5 5 ]
First = [ 1 0 0 0 0 1 0 0 0 0 1 0 0 0 0 0 1 1 0 0 ]
Last = [ 0 0 0 0 1 0 0 0 0 1 0 0 0 0 0 1 1 0 0 1 ]
nS = 3
S = [ 1 0 0 0 0 0 0 0 0 0 0 0 0 0 0 0 1 1 0 0 ]
