n = 20 ; 
T = 24 ; 
Init = [ 0 1 1 1 1 1 0 1 1 1 1 1 1 1 1 0 0 0 0 0 ]
L = [ 7 3 3 3 3 3 4 6 6 6 6 6 6 7 7 5 5 5 5 5 ]
l = [ 7 3 3 3 3 3 4 6 6 6 6 6 6 7 7 5 5 5 5 5 ]
Pmin = [ 78 32 32 32 32 32 37 65 65 65 65 65 65 72 72 58 58 58 58 58 ]
Pmax = [ 299 123 123 123 123 123 141 235 235 235 235 235 235 276 276 199 199 199 199 199 ]
cf = [ 10.9627 29.2665 29.2665 29.2665 29.2665 29.2665 32.7876 42.7908 42.7908 42.7908 42.7908 42.7908 42.7908 45.2649 45.2649 47.4733 47.4733 47.4733 47.4733 47.4733 ]
c0 = [ 210 104 105 106 108 111 114 173 175 178 181 185 191 189 190 152 153 156 159 162 ]
cp = [ 20.3948 31.2691 31.2691 31.2691 31.2691 31.2691 18.4667 13.5849 13.5849 13.5849 13.5849 13.5849 13.5849 19.854 19.854 17.3163 17.3163 17.3163 17.3163 17.3163 ]
D = [ 2686 1163 3888 2998 2384 1212 1337 3465 2582 2020 3758 2835 3438 1388 1102 1863 3966 3060 1160 3080 2004 1001 189 3692 ]
K = 6
nk = [ 1 2 2 2 2 2 3 4 4 4 4 4 4 5 5 6 6 6 6 6 ]
First = [ 1 1 0 0 0 0 1 1 0 0 0 0 0 1 0 1 0 0 0 0 ]
Last = [ 1 0 0 0 0 1 1 0 0 0 0 0 1 0 1 0 0 0 0 1 ]
nS = 4
S = [ 1 1 0 0 0 0 0 1 0 0 0 0 0 1 0 0 0 0 0 0 ]
