n = 20 ; 
T = 24 ; 
Init = [ 1 1 1 1 1 1 1 1 1 1 0 0 0 0 0 0 0 0 0 0 ]
L = [ 5 5 5 5 5 5 5 5 5 3 8 8 8 8 8 8 4 4 4 4 ]
l = [ 5 5 5 5 5 5 5 5 5 3 8 8 8 8 8 8 4 4 4 4 ]
Pmin = [ 57 57 57 57 57 48 48 48 48 23 89 89 89 89 89 89 37 37 37 37 ]
Pmax = [ 213 213 213 213 213 183 183 183 183 67 345 345 345 345 345 345 134 134 134 134 ]
cf = [ 13.9366 13.9366 13.9366 13.9366 13.9366 24.6923 24.6923 24.6923 24.6923 47.8675 62.6157 62.6157 62.6157 62.6157 62.6157 62.6157 54.932 54.932 54.932 54.932 ]
c0 = [ 168 170 173 176 180 135 136 138 141 67 232 234 238 242 248 255 102 103 104 106 ]
cp = [ 30.4403 30.4403 30.4403 30.4403 30.4403 24.4763 24.4763 24.4763 24.4763 40.2487 22.7006 22.7006 22.7006 22.7006 22.7006 22.7006 33.5331 33.5331 33.5331 33.5331 ]
D = [ 2503 4237 3612 4133 619 2988 2574 595 3855 2882 2405 4348 4138 835 3824 3069 614 4064 508 3096 1098 2718 867 4389 ]
K = 5
nk = [ 1 1 1 1 1 2 2 2 2 3 4 4 4 4 4 4 5 5 5 5 ]
First = [ 1 0 0 0 0 1 0 0 0 1 1 0 0 0 0 0 1 0 0 0 ]
Last = [ 0 0 0 0 1 0 0 0 1 1 0 0 0 0 0 1 0 0 0 1 ]
nS = 5
S = [ 1 0 0 0 0 1 0 0 0 1 1 0 0 0 0 0 1 0 0 0 ]
