n = 20 ; 
T = 24 ; 
Init = [ 1 1 1 1 1 1 0 0 0 1 1 0 0 0 0 0 0 0 0 0 ]
L = [ 6 6 6 6 6 6 3 3 3 9 9 4 4 4 4 7 7 7 7 7 ]
l = [ 6 6 6 6 6 6 3 3 3 9 9 4 4 4 4 7 7 7 7 7 ]
Pmin = [ 75 75 75 75 75 75 29 29 29 89 89 47 47 47 47 81 81 81 81 81 ]
Pmax = [ 273 273 273 273 273 273 88 88 88 363 363 182 182 182 182 300 300 300 300 300 ]
cf = [ 53.5269 53.5269 53.5269 53.5269 53.5269 53.5269 57.6563 57.6563 57.6563 63.0655 63.0655 69.136 69.136 69.136 69.136 33.1212 33.1212 33.1212 33.1212 33.1212 ]
c0 = [ 208 210 213 217 223 229 92 93 94 224 226 137 139 141 143 208 210 214 218 223 ]
cp = [ 17.3562 17.3562 17.3562 17.3562 17.3562 17.3562 36.3604 36.3604 36.3604 15.6798 15.6798 33.064 33.064 33.064 33.064 16.4739 16.4739 16.4739 16.4739 16.4739 ]
D = [ 144 4849 1074 3639 1046 1153 2092 731 899 3339 902 4486 2388 368 4419 4401 3835 81 2097 853 1270 442 1730 214 ]
K = 5
nk = [ 1 1 1 1 1 1 2 2 2 3 3 4 4 4 4 5 5 5 5 5 ]
First = [ 1 0 0 0 0 0 1 0 0 1 0 1 0 0 0 1 0 0 0 0 ]
Last = [ 0 0 0 0 0 1 0 0 1 0 1 0 0 0 1 0 0 0 0 1 ]
nS = 5
S = [ 1 0 0 0 0 0 1 0 0 1 0 1 0 0 0 1 0 0 0 0 ]
