n = 20 ; 
T = 24 ; 
Init = [ 0 1 1 1 1 1 1 1 1 1 1 1 1 1 1 1 1 1 0 0 ]
L = [ 7 5 5 5 5 5 7 7 7 7 7 7 7 7 5 5 5 5 2 2 ]
l = [ 7 5 5 5 5 5 7 7 7 7 7 7 7 7 5 5 5 5 2 2 ]
Pmin = [ 78 56 56 56 56 56 77 77 77 74 80 80 80 80 55 55 55 55 19 19 ]
Pmax = [ 301 215 215 215 215 215 283 283 283 294 295 295 295 295 208 208 208 208 41 41 ]
cf = [ 64.3911 17.2645 17.2645 17.2645 17.2645 17.2645 62.1738 62.1738 62.1738 47.9562 59.4888 59.4888 59.4888 59.4888 53.3313 53.3313 53.3313 53.3313 31.2838 31.2838 ]
c0 = [ 219 151 153 155 158 162 196 198 201 204 209 211 214 218 152 153 156 159 60 60 ]
cp = [ 22.0817 28.7175 28.7175 28.7175 28.7175 28.7175 22.6169 22.6169 22.6169 26.5166 15.6688 15.6688 15.6688 15.6688 22.9045 22.9045 22.9045 22.9045 41.0346 41.0346 ]
D = [ 2269 2683 602 4209 2739 2313 1340 204 2439 2222 4245 2028 2974 3672 414 2204 2452 2192 3211 659 1595 3854 3034 2237 ]
K = 7
nk = [ 1 2 2 2 2 2 3 3 3 4 5 5 5 5 6 6 6 6 7 7 ]
First = [ 1 1 0 0 0 0 1 0 0 1 1 0 0 0 1 0 0 0 1 0 ]
Last = [ 1 0 0 0 0 1 0 0 1 1 0 0 0 1 0 0 0 1 0 1 ]
nS = 7
S = [ 1 1 0 0 0 0 1 0 0 1 1 0 0 0 1 0 0 0 1 0 ]
