n = 20 ; 
T = 24 ; 
Init = [ 1 1 1 1 1 1 1 1 1 1 1 1 1 1 1 1 1 1 1 1 ]
L = [ 3 3 3 3 3 3 8 8 8 8 4 4 4 4 4 6 6 6 6 7 ]
l = [ 3 3 3 3 3 3 8 8 8 8 4 4 4 4 4 6 6 6 6 7 ]
Pmin = [ 29 29 29 29 29 29 94 94 94 94 36 36 36 36 36 63 63 63 63 68 ]
Pmax = [ 76 76 76 76 76 76 358 358 358 358 123 123 123 123 123 227 227 227 227 256 ]
cf = [ 20.0563 20.0563 20.0563 20.0563 20.0563 20.0563 36.1213 36.1213 36.1213 36.1213 20.5404 20.5404 20.5404 20.5404 20.5404 40.4145 40.4145 40.4145 40.4145 31.4412 ]
c0 = [ 82 83 84 86 88 91 251 254 258 263 108 109 110 112 115 170 172 174 177 180 ]
cp = [ 37.4764 37.4764 37.4764 37.4764 37.4764 37.4764 18.7289 18.7289 18.7289 18.7289 25.1494 25.1494 25.1494 25.1494 25.1494 22.1204 22.1204 22.1204 22.1204 24.9074 ]
D = [ 3316 317 2124 1791 1681 1096 2518 3629 2327 3281 672 3087 1309 1460 1365 2731 3488 1643 2732 2203 499 426 1011 2098 ]
K = 5
nk = [ 1 1 1 1 1 1 2 2 2 2 3 3 3 3 3 4 4 4 4 5 ]
First = [ 1 0 0 0 0 0 1 0 0 0 1 0 0 0 0 1 0 0 0 1 ]
Last = [ 0 0 0 0 0 1 0 0 0 1 0 0 0 0 1 0 0 0 1 1 ]
nS = 5
S = [ 1 0 0 0 0 0 1 0 0 0 1 0 0 0 0 1 0 0 0 1 ]
