n = 20 ; 
T = 24 ; 
Init = [ 1 1 0 0 0 0 0 0 0 0 0 1 1 1 1 1 1 1 1 1 ]
L = [ 4 4 4 4 4 4 4 6 6 6 6 5 5 5 5 5 5 4 5 5 ]
l = [ 4 4 4 4 4 4 4 6 6 6 6 5 5 5 5 5 5 4 5 5 ]
Pmin = [ 32 32 31 31 31 31 31 64 64 64 64 53 53 53 53 53 53 35 58 58 ]
Pmax = [ 114 114 108 108 108 108 108 233 233 233 233 197 197 197 197 197 197 128 222 222 ]
cf = [ 13.7909 13.7909 26.3774 26.3774 26.3774 26.3774 26.3774 55.0072 55.0072 55.0072 55.0072 68.9836 68.9836 68.9836 68.9836 68.9836 68.9836 16.8941 63.7686 63.7686 ]
c0 = [ 110 111 92 93 95 96 99 179 181 183 187 159 161 163 167 171 175 105 169 171 ]
cp = [ 39.1608 39.1608 35.6183 35.6183 35.6183 35.6183 35.6183 23.4636 23.4636 23.4636 23.4636 24.8395 24.8395 24.8395 24.8395 24.8395 24.8395 39.09 22.1632 22.1632 ]
D = [ 2597 3441 2728 1219 2693 1866 685 3194 2742 3142 2386 3114 751 1564 3058 1293 1222 979 445 2768 3031 571 743 2642 ]
K = 6
nk = [ 1 1 2 2 2 2 2 3 3 3 3 4 4 4 4 4 4 5 6 6 ]
First = [ 1 0 1 0 0 0 0 1 0 0 0 1 0 0 0 0 0 1 1 0 ]
Last = [ 0 1 0 0 0 0 1 0 0 0 1 0 0 0 0 0 1 1 0 1 ]
nS = 6
S = [ 1 0 1 0 0 0 0 1 0 0 0 1 0 0 0 0 0 1 1 0 ]
