n = 20 ; 
T = 24 ; 
Init = [ 0 0 0 0 0 1 1 1 1 1 1 0 0 0 1 1 1 1 1 1 ]
L = [ 6 6 6 6 6 8 8 8 8 8 8 5 5 5 5 5 5 5 5 5 ]
l = [ 6 6 6 6 6 8 8 8 8 8 8 5 5 5 5 5 5 5 5 5 ]
Pmin = [ 59 59 59 59 59 85 85 85 85 85 85 49 49 49 59 59 59 59 59 58 ]
Pmax = [ 211 211 211 211 211 329 329 329 329 329 329 166 166 166 201 201 201 201 201 218 ]
cf = [ 68.249 68.249 68.249 68.249 68.249 61.5761 61.5761 61.5761 61.5761 61.5761 61.5761 51.2317 51.2317 51.2317 30.4728 30.4728 30.4728 30.4728 30.4728 57.7654 ]
c0 = [ 165 167 169 173 177 230 232 236 240 246 253 134 136 138 162 163 166 169 173 172 ]
cp = [ 22.2671 22.2671 22.2671 22.2671 22.2671 21.896 21.896 21.896 21.896 21.896 21.896 24.5386 24.5386 24.5386 33.8629 33.8629 33.8629 33.8629 33.8629 32.9987 ]
D = [ 3372 1374 3156 1440 2608 194 1852 1439 1249 1818 4264 1117 1183 2848 2887 261 1023 1579 1508 2415 4251 3993 1935 596 ]
K = 5
nk = [ 1 1 1 1 1 2 2 2 2 2 2 3 3 3 4 4 4 4 4 5 ]
First = [ 1 0 0 0 0 1 0 0 0 0 0 1 0 0 1 0 0 0 0 1 ]
Last = [ 0 0 0 0 1 0 0 0 0 0 1 0 0 1 0 0 0 0 1 1 ]
nS = 5
S = [ 1 0 0 0 0 1 0 0 0 0 0 1 0 0 1 0 0 0 0 1 ]
