n = 20 ; 
T = 24 ; 
Init = [ 1 1 1 1 1 0 0 1 1 1 0 0 0 0 1 1 1 0 0 1 ]
L = [ 9 9 9 9 9 8 8 4 4 4 4 4 4 4 2 2 2 3 3 10 ]
l = [ 9 9 9 9 9 8 8 4 4 4 4 4 4 4 2 2 2 3 3 10 ]
Pmin = [ 100 100 100 100 100 88 88 37 37 37 38 38 38 38 22 22 22 31 31 100 ]
Pmax = [ 408 408 408 408 408 363 363 144 144 144 110 110 110 110 61 61 61 88 88 407 ]
cf = [ 46.8654 46.8654 46.8654 46.8654 46.8654 61.3029 61.3029 29.1095 29.1095 29.1095 68.4345 68.4345 68.4345 68.4345 11.4517 11.4517 11.4517 69.6412 69.6412 11.2861 ]
c0 = [ 251 254 258 263 269 227 229 114 115 117 103 104 105 108 74 74 75 96 97 251 ]
cp = [ 12.5292 12.5292 12.5292 12.5292 12.5292 12.5844 12.5844 32.5658 32.5658 32.5658 26.5004 26.5004 26.5004 26.5004 41.7213 41.7213 41.7213 39.4116 39.4116 11.1501 ]
D = [ 2805 1195 4318 1443 149 306 2442 2393 3878 2218 2314 2261 1610 3859 2151 1921 3834 2451 284 3534 4100 2922 3086 2130 ]
K = 7
nk = [ 1 1 1 1 1 2 2 3 3 3 4 4 4 4 5 5 5 6 6 7 ]
First = [ 1 0 0 0 0 1 0 1 0 0 1 0 0 0 1 0 0 1 0 1 ]
Last = [ 0 0 0 0 1 0 1 0 0 1 0 0 0 1 0 0 1 0 1 1 ]
nS = 7
S = [ 1 0 0 0 0 1 0 1 0 0 1 0 0 0 1 0 0 1 0 1 ]
