n = 20 ; 
T = 24 ; 
Init = [ 1 1 1 1 1 1 1 1 0 0 0 0 1 1 1 1 1 1 1 1 ]
L = [ 7 7 7 7 7 7 8 4 7 7 7 7 8 8 8 8 8 6 6 6 ]
l = [ 7 7 7 7 7 7 8 4 7 7 7 7 8 8 8 8 8 6 6 6 ]
Pmin = [ 81 81 81 81 81 81 85 41 75 75 75 75 79 79 79 79 79 61 61 61 ]
Pmax = [ 307 307 307 307 307 307 333 150 279 279 279 279 317 317 317 317 317 250 250 225 ]
cf = [ 54.3539 54.3539 54.3539 54.3539 54.3539 54.3539 69.8419 50.3288 39.3627 39.3627 39.3627 39.3627 54.9482 54.9482 54.9482 54.9482 54.9482 67.2427 67.2427 41.7184 ]
c0 = [ 208 210 213 217 222 228 231 112 213 215 218 222 219 221 224 229 234 166 168 173 ]
cp = [ 21.9887 21.9887 21.9887 21.9887 21.9887 21.9887 15.1919 29.6085 15.2279 15.2279 15.2279 15.2279 15.3702 15.3702 15.3702 15.3702 15.3702 32.122 32.122 23.9185 ]
D = [ 4368 610 3132 3445 5405 2776 4513 4505 612 3165 3959 4935 3151 2163 2138 1777 1911 5307 3208 1023 3429 423 399 5348 ]
K = 7
nk = [ 1 1 1 1 1 1 2 3 4 4 4 4 5 5 5 5 5 6 6 7 ]
First = [ 1 0 0 0 0 0 1 1 1 0 0 0 1 0 0 0 0 1 0 1 ]
Last = [ 0 0 0 0 0 1 1 1 0 0 0 1 0 0 0 0 1 0 1 1 ]
nS = 7
S = [ 1 0 0 0 0 0 1 1 1 0 0 0 1 0 0 0 0 1 0 1 ]
