n = 20 ; 
T = 24 ; 
Init = [ 0 0 0 0 0 0 0 0 0 0 0 0 0 0 0 0 0 0 0 1 ]
L = [ 4 4 4 4 4 4 9 9 9 9 9 9 9 9 9 8 8 8 8 6 ]
l = [ 4 4 4 4 4 4 9 9 9 9 9 9 9 9 9 8 8 8 8 6 ]
Pmin = [ 35 35 35 35 35 35 100 100 100 100 100 88 88 88 88 97 97 97 97 60 ]
Pmax = [ 124 124 124 124 124 124 405 405 405 405 405 362 362 362 362 370 370 370 370 222 ]
cf = [ 60.3157 60.3157 60.3157 60.3157 60.3157 60.3157 62.2147 62.2147 62.2147 62.2147 62.2147 69.8724 69.8724 69.8724 69.8724 56.8965 56.8965 56.8965 56.8965 43.5205 ]
c0 = [ 114 115 116 119 121 125 251 254 258 263 269 230 232 235 240 251 254 258 263 163 ]
cp = [ 35.223 35.223 35.223 35.223 35.223 35.223 12.6932 12.6932 12.6932 12.6932 12.6932 19.4306 19.4306 19.4306 19.4306 14.7012 14.7012 14.7012 14.7012 22.5743 ]
D = [ 1838 3448 4220 3137 2432 5757 1909 3929 1292 3784 3186 383 3052 3174 5070 564 2854 1344 3662 483 567 4603 3103 4635 ]
K = 5
nk = [ 1 1 1 1 1 1 2 2 2 2 2 3 3 3 3 4 4 4 4 5 ]
First = [ 1 0 0 0 0 0 1 0 0 0 0 1 0 0 0 1 0 0 0 1 ]
Last = [ 0 0 0 0 0 1 0 0 0 0 1 0 0 0 1 0 0 0 1 1 ]
nS = 5
S = [ 1 0 0 0 0 0 1 0 0 0 0 1 0 0 0 1 0 0 0 1 ]
