n = 20 ; 
T = 24 ; 
Init = [ 0 0 0 1 1 1 0 0 0 1 1 1 1 1 0 1 1 0 1 1 ]
L = [ 5 5 5 7 7 7 5 5 5 7 7 4 7 7 7 9 9 8 9 9 ]
l = [ 5 5 5 7 7 7 5 5 5 7 7 4 7 7 7 9 9 8 9 9 ]
Pmin = [ 44 44 44 69 69 69 53 53 53 73 73 43 73 73 75 87 87 90 100 100 ]
Pmax = [ 173 173 173 270 270 270 190 190 190 296 296 145 265 265 299 354 354 359 401 401 ]
cf = [ 68.6188 68.6188 68.6188 47.9352 47.9352 47.9352 27.1231 27.1231 27.1231 32.4735 32.4735 19.9007 31.1077 31.1077 7.64961 20.559 20.559 27.926 59.0177 59.0177 ]
c0 = [ 135 137 139 185 187 190 154 156 158 199 201 117 192 194 211 231 233 237 251 254 ]
cp = [ 32.3535 32.3535 32.3535 32.3004 32.3004 32.3004 25.4953 25.4953 25.4953 15.0967 15.0967 26.0169 20.2658 20.2658 21.039 13.7469 13.7469 29.4123 13.1778 13.1778 ]
D = [ 4650 3892 3629 1969 1511 2243 2788 4094 2227 5011 3367 2110 3143 5071 4267 4235 1778 4322 49 3550 3392 3624 4430 4766 ]
K = 10
nk = [ 1 1 1 2 2 2 3 3 3 4 4 5 6 6 7 8 8 9 10 10 ]
First = [ 1 0 0 1 0 0 1 0 0 1 0 1 1 0 1 1 0 1 1 0 ]
Last = [ 0 0 1 0 0 1 0 0 1 0 1 1 0 1 1 0 1 1 0 1 ]
nS = 10
S = [ 1 0 0 1 0 0 1 0 0 1 0 1 1 0 1 1 0 1 1 0 ]
