n = 20 ; 
T = 24 ; 
Init = [ 0 0 0 0 0 0 0 0 0 1 1 1 1 1 1 1 1 1 1 1 ]
L = [ 2 2 2 2 2 2 9 9 9 4 4 4 4 4 5 5 9 9 9 9 ]
l = [ 2 2 2 2 2 2 9 9 9 4 4 4 4 4 5 5 9 9 9 9 ]
Pmin = [ 18 18 18 18 18 18 96 96 96 39 39 39 39 39 48 48 100 100 100 100 ]
Pmax = [ 47 47 47 47 47 47 390 390 390 143 143 143 143 143 183 183 385 385 385 385 ]
cf = [ 52.6726 52.6726 52.6726 52.6726 52.6726 52.6726 31.0336 31.0336 31.0336 33.1504 33.1504 33.1504 33.1504 33.1504 46.3244 46.3244 13.9842 13.9842 13.9842 13.9842 ]
c0 = [ 67 67 68 70 71 73 250 253 256 105 106 107 109 112 146 148 251 254 258 263 ]
cp = [ 41.2978 41.2978 41.2978 41.2978 41.2978 41.2978 17.458 17.458 17.458 35.9588 35.9588 35.9588 35.9588 35.9588 32.0763 32.0763 13.0544 13.0544 13.0544 13.0544 ]
D = [ 3247 3558 3559 1938 3582 3105 410 1347 1221 1732 563 101 3286 2254 2643 3737 1341 577 4018 541 780 949 2058 2415 ]
K = 5
nk = [ 1 1 1 1 1 1 2 2 2 3 3 3 3 3 4 4 5 5 5 5 ]
First = [ 1 0 0 0 0 0 1 0 0 1 0 0 0 0 1 0 1 0 0 0 ]
Last = [ 0 0 0 0 0 1 0 0 1 0 0 0 0 1 0 1 0 0 0 1 ]
nS = 5
S = [ 1 0 0 0 0 0 1 0 0 1 0 0 0 0 1 0 1 0 0 0 ]
