n = 20 ; 
T = 24 ; 
Init = [ 1 1 1 1 0 1 1 0 0 1 1 0 0 0 1 0 1 0 0 0 ]
L = [ 2 8 9 5 3 9 6 9 2 6 3 4 6 6 9 9 8 6 4 6 ]
l = [ 2 8 9 5 3 9 6 9 2 6 3 4 6 6 9 9 8 6 4 6 ]
Pmin = [ 16 85 100 54 20 95 62 92 19 64 25 52 64 59 100 95 91 58 42 64 ]
Pmax = [ 25 314 384 220 56 395 244 375 32 232 82 175 253 212 401 383 343 225 149 226 ]
cf = [ 23.7232 60.3409 45.1562 37.1022 40.6596 32.1372 59.622 36.8362 54.3449 24.118 34.2223 48.4032 53.4301 29.6687 55.7921 20.2975 69.4634 60.4124 39.5963 29.3293 ]
c0 = [ 69 224 250 143 69 250 162 239 65 184 85 138 183 164 250 243 244 160 123 178 ]
cp = [ 41.2195 12.3061 8.60507 29.6848 40.3108 10.8497 24.7297 12.5718 40.6709 26.3837 35.4108 31.4479 25.0259 35.0018 17.3874 10.469 13.281 23.3078 33.9115 32.0887 ]
D = [ 3536 818 2170 3033 3663 2776 4271 2298 202 2209 632 1457 1484 3494 3715 4009 654 2936 1521 4205 4221 3563 2585 2978 ]
K = 21
nk = [ 1833084536 32720 1833084536 32720 0 0 0 0 0 0 0 0 0 0 0 0 0 0 0 0 ]
First = [ 1 1 1 1 1 1 1 1 1 1 1 1 1 1 1 1 1 1 1 1 ]
Last = [ 1 1 1 1 1 1 1 1 1 1 1 1 1 1 1 1 1 1 1 1 ]
nS = 4
S = [ 1 0 0 0 0 0 1 0 0 0 0 0 1 0 0 0 0 0 1 0 ]
