n = 20 ; 
T = 24 ; 
Init = [ 0 0 1 1 0 1 1 0 0 1 0 1 0 0 1 1 0 1 0 1 ]
L = [ 6 6 3 8 8 7 10 9 6 4 7 3 3 2 8 8 7 7 7 6 ]
l = [ 6 6 3 8 8 7 10 9 6 4 7 3 3 2 8 8 7 7 7 6 ]
Pmin = [ 60 62 24 80 90 79 100 97 60 37 69 25 23 12 90 94 80 83 73 63 ]
Pmax = [ 246 233 88 320 350 309 420 396 232 145 280 73 77 38 340 356 309 319 274 223 ]
cf = [ 26.9642 68.133 53.1739 43.1917 69.458 45.4043 42.6374 44.2745 21.9815 24.4477 39.0763 38.4778 33.1309 45.8921 42.3842 61.5395 50.4976 39.5503 66.3681 51.3292 ]
c0 = [ 161 162 72 205 237 201 250 246 155 106 181 72 86 48 234 249 219 215 204 165 ]
cp = [ 23.5736 23.2169 31.9221 15.1949 16.2187 29.5749 8.15148 10.9277 24.9855 32.2198 23.1176 37.6329 36.9488 40.9844 23.7887 25.7245 24.2959 13.9276 26.7106 28.5269 ]
D = [ 4101 899 3758 3306 2503 810 1033 1438 2256 329 2296 3849 180 953 1710 137 4018 4554 3112 185 918 644 2698 3004 ]
K = 21
nk = [ 0 0 0 0 0 0 0 0 0 0 0 0 0 0 0 0 0 0 0 0 ]
First = [ 1 1 1 1 1 1 1 1 1 1 1 1 1 1 1 1 1 1 1 1 ]
Last = [ 1 1 1 1 1 1 1 1 1 1 1 1 1 1 1 1 1 1 1 1 ]
nS = 4
S = [ 1 0 0 0 0 0 1 0 0 0 0 0 1 0 0 0 0 0 1 0 ]
