n = 20 ; 
T = 24 ; 
Init = [ 0 1 0 1 0 0 0 1 0 1 1 0 0 0 1 1 1 1 1 0 ]
L = [ 2 6 8 2 5 4 3 5 3 2 10 8 4 8 9 5 8 7 5 4 ]
l = [ 2 6 8 2 5 4 3 5 3 2 10 8 4 8 9 5 8 7 5 4 ]
Pmin = [ 15 59 82 17 56 42 25 40 31 21 100 95 41 87 100 56 84 70 58 47 ]
Pmax = [ 44 242 339 54 214 162 76 158 106 59 418 367 163 341 408 204 342 280 206 167 ]
cf = [ 66.8141 59.1306 50.7278 67.494 28.5037 18.594 41.5152 44.1959 33.1493 29.5957 17.1798 40.3746 42.1627 48.3249 44.6903 63.7062 14.4703 41.371 37.1948 57.9587 ]
c0 = [ 50 156 217 54 151 121 90 119 101 78 250 250 125 226 250 145 224 188 152 143 ]
cp = [ 41.5528 32.1782 13.3934 41.6507 27.3652 36.8407 41.1986 31.8359 31.3029 41.8429 12.1826 19.9183 33.9494 21.9814 17.6498 28.7599 15.4461 20.0482 28.4671 28.3978 ]
D = [ 1095 3628 3092 4213 951 3287 70 3200 901 439 2761 681 4038 1431 508 1173 2231 2891 3742 4037 101 94 1991 2529 ]
K = 21
nk = [ -1593047432 32615 -1593047432 32615 0 0 0 0 0 0 0 0 0 0 0 0 0 0 0 0 ]
First = [ 1 1 1 1 1 1 1 1 1 1 1 1 1 1 1 1 1 1 1 1 ]
Last = [ 1 1 1 1 1 1 1 1 1 1 1 1 1 1 1 1 1 1 1 1 ]
nS = 2
S = [ 1 0 0 0 0 0 0 0 0 0 0 0 0 0 0 1 0 0 0 0 ]
