n = 20 ; 
T = 24 ; 
Init = [ 0 0 1 1 1 1 1 1 1 0 1 0 0 0 1 1 0 0 1 1 ]
L = [ 4 7 10 6 2 5 5 6 9 10 9 2 7 6 8 9 6 10 5 6 ]
l = [ 4 7 10 6 2 5 5 6 9 10 9 2 7 6 8 9 6 10 5 6 ]
Pmin = [ 37 76 97 65 14 61 58 64 98 100 99 18 76 55 82 92 62 100 56 60 ]
Pmax = [ 123 284 405 253 31 225 214 225 409 420 394 45 284 202 312 351 236 420 206 243 ]
cf = [ 38.8446 61.0426 67.9505 23.3426 32.1726 50.1825 16.122 62.949 32.1954 51.3363 7.81511 39.9462 50.0144 48.7264 10.4175 53.9625 36.9072 52.2435 50.9798 10.4759 ]
c0 = [ 102 214 250 179 46 174 164 184 250 250 250 57 192 163 219 240 172 250 152 167 ]
cp = [ 35.6506 15.6384 13.1956 20.7308 41.9622 22.6549 28.1105 25.9321 10.8256 9.3544 14.0078 40.8626 22.8861 21.339 22.5907 24.381 24.0677 10.1135 22.2869 22.636 ]
D = [ 5074 3399 1135 5114 3126 4182 1923 679 5034 3703 3608 2422 2952 3437 3792 5062 1775 4557 4471 3887 2992 4539 1368 1316 ]
K = 21
nk = [ -1593047432 32615 -1593047432 32615 0 0 0 0 0 0 0 0 0 0 0 0 0 0 0 0 ]
First = [ 1 1 1 1 1 1 1 1 1 1 1 1 1 1 1 1 1 1 1 1 ]
Last = [ 1 1 1 1 1 1 1 1 1 1 1 1 1 1 1 1 1 1 1 1 ]
nS = 2
S = [ 1 0 0 0 0 0 0 0 0 0 0 0 0 0 0 1 0 0 0 0 ]
