n = 20 ; 
T = 24 ; 
Init = [ 1 0 1 1 0 0 0 0 0 0 0 1 1 0 1 1 1 0 1 1 ]
L = [ 6 5 9 2 4 7 3 2 8 3 2 7 8 5 2 9 7 9 4 7 ]
l = [ 6 5 9 2 4 7 3 2 8 3 2 7 8 5 2 9 7 9 4 7 ]
Pmin = [ 66 47 89 21 31 68 28 16 80 32 30 70 84 48 25 99 72 97 38 70 ]
Pmax = [ 233 176 372 71 113 271 92 53 316 107 83 282 317 158 57 408 289 394 116 268 ]
cf = [ 56.0891 49.3914 30.7923 42.5316 41.7562 24.5189 56.7694 59.6837 42.8367 48.1485 30.5071 46.1786 36.5031 32.6092 16.3447 42.2984 61.3312 11.7566 47.737 53.2242 ]
c0 = [ 170 140 224 73 86 183 98 50 222 95 94 197 225 136 70 250 200 250 120 182 ]
cp = [ 19.6781 16.956 26.2366 39.5381 33.4876 25.5357 37.2745 40.4103 23.8462 34.1977 38.2633 29.2677 18.519 31.2541 36.3507 10.2068 28.6694 13.8589 35.058 30.3027 ]
D = [ 1901 526 2419 499 2592 2456 3827 1476 4043 3059 2241 3121 1693 3818 1300 3997 803 423 3313 3179 3151 695 1600 930 ]
K = 21
nk = [ -1593047432 32615 -1593047432 32615 0 0 0 0 0 0 0 0 0 0 0 0 0 0 0 0 ]
First = [ 1 1 1 1 1 1 1 1 1 1 1 1 1 1 1 1 1 1 1 1 ]
Last = [ 1 1 1 1 1 1 1 1 1 1 1 1 1 1 1 1 1 1 1 1 ]
nS = 2
S = [ 1 0 0 0 0 0 0 0 0 0 0 0 0 0 0 1 0 0 0 0 ]
