n = 20 ; 
T = 24 ; 
Init = [ 1 1 0 1 0 0 0 1 0 1 0 0 0 1 0 0 0 0 1 1 ]
L = [ 9 8 6 6 6 9 8 3 3 4 3 5 4 3 9 4 10 9 2 5 ]
l = [ 9 8 6 6 6 9 8 3 3 4 3 5 4 3 9 4 10 9 2 5 ]
Pmin = [ 100 83 59 63 59 96 94 36 29 38 26 58 32 26 93 36 100 93 25 51 ]
Pmax = [ 390 309 239 230 222 379 356 106 85 118 82 201 121 75 392 120 417 368 73 201 ]
cf = [ 23.6851 49.9691 20.1731 31.5118 24.5702 20.3193 64.4593 66.2997 52.343 31.5641 9.9698 44.7931 44.4971 14.1168 68.8337 67.4548 55.2749 68.8793 34.2903 52.1451 ]
c0 = [ 250 213 154 169 160 250 235 107 100 123 96 167 106 75 246 104 250 242 75 138 ]
cp = [ 10.9938 23.0939 24.2719 25.6036 25.3707 9.5342 18.1546 35.904 34.2758 34.5449 40.1123 24.4302 40.0588 36.1614 10.0471 34.0775 8.64684 16.2028 41.4768 26.6424 ]
D = [ 4053 1864 2345 3256 2219 174 292 707 2009 1307 1989 3197 4366 2926 457 1132 3874 63 869 2617 1811 1080 823 4480 ]
K = 21
nk = [ -1593047432 32615 -1593047432 32615 0 0 0 0 0 0 0 0 0 0 0 0 0 0 0 0 ]
First = [ 1 1 1 1 1 1 1 1 1 1 1 1 1 1 1 1 1 1 1 1 ]
Last = [ 1 1 1 1 1 1 1 1 1 1 1 1 1 1 1 1 1 1 1 1 ]
nS = 2
S = [ 1 0 0 0 0 0 0 0 0 0 0 0 0 0 0 1 0 0 0 0 ]
