n = 20 ; 
T = 24 ; 
Init = [ 1 1 0 0 0 1 1 0 0 1 1 0 1 1 0 0 0 0 1 1 ]
L = [ 4 2 5 6 2 4 5 3 9 9 8 8 7 9 6 9 4 4 5 8 ]
l = [ 4 2 5 6 2 4 5 3 9 9 8 8 7 9 6 9 4 4 5 8 ]
Pmin = [ 39 17 49 63 19 47 49 17 98 88 84 88 78 100 59 100 40 38 44 78 ]
Pmax = [ 148 34 162 228 57 149 186 57 405 359 322 368 300 420 226 395 142 145 173 321 ]
cf = [ 55.8275 57.9566 15.5226 30.3799 44.6727 41.7314 26.0518 11.8376 48.9938 32.1451 16.0738 58.6193 68.2821 67.6002 50.523 35.3529 28.6467 26.3138 66.6545 49.3384 ]
c0 = [ 107 63 146 180 68 131 141 62 250 228 212 233 215 250 157 250 128 112 119 199 ]
cp = [ 31.5103 41.9239 30.7923 16.3 39.0983 25.2068 35.1934 37.5311 13.539 12.2561 14.8826 18.0707 32.1384 14.3632 27.7683 12.8931 29.8043 22.4274 32.5 18.1355 ]
D = [ 2523 4551 731 1790 4361 1741 2476 4099 4101 3169 4583 3067 2290 608 176 442 3142 1566 795 1609 3401 1457 779 3276 ]
K = 21
nk = [ 0 0 0 0 0 0 0 0 0 0 0 0 0 0 0 0 0 0 0 0 ]
First = [ 1 1 1 1 1 1 1 1 1 1 1 1 1 1 1 1 1 1 1 1 ]
Last = [ 1 1 1 1 1 1 1 1 1 1 1 1 1 1 1 1 1 1 1 1 ]
nS = 2
S = [ 1 0 0 0 0 0 0 0 0 0 0 0 0 0 0 1 0 0 0 0 ]
