n = 20 ; 
T = 24 ; 
Init = [ 0 1 0 1 0 1 1 1 1 1 0 0 0 0 0 0 0 1 1 1 ]
L = [ 3 2 3 2 2 3 8 8 4 8 4 3 4 8 5 3 3 2 9 4 ]
l = [ 3 2 3 2 2 3 8 8 4 8 4 3 4 8 5 3 3 2 9 4 ]
Pmin = [ 19 19 23 14 18 26 79 87 43 93 43 25 37 86 62 29 37 21 100 43 ]
Pmax = [ 64 59 78 43 52 89 309 332 154 378 163 74 138 358 214 88 122 68 420 152 ]
cf = [ 9.22453 43.6026 31.5495 24.1839 45.4409 30.8007 60.7146 17.7926 42.9458 62.3274 50.9973 46.0236 57.3971 29.2538 56.653 45.5422 48.1856 67.9114 33.31 52.1222 ]
c0 = [ 57 76 79 48 71 79 205 236 116 237 114 74 107 221 162 93 107 77 250 133 ]
cp = [ 36.4538 41.8466 35.8518 41.0454 39.8023 32.5121 13.7448 17.4853 22.7022 12.1251 31.4621 36.6568 33.5988 27.5782 24.3231 39.5441 36.4262 31.2806 10.167 27.2783 ]
D = [ 343 1551 2833 1461 2197 85 83 109 2513 1283 3001 2632 3233 953 192 1925 2221 3052 2499 780 2644 1487 2858 1973 ]
K = 21
nk = [ 719165048 32516 719165048 32516 0 0 0 0 0 0 0 0 0 0 0 0 0 0 0 0 ]
First = [ 1 1 1 1 1 1 1 1 1 1 1 1 1 1 1 1 1 1 1 1 ]
Last = [ 1 1 1 1 1 1 1 1 1 1 1 1 1 1 1 1 1 1 1 1 ]
nS = 3
S = [ 1 0 0 0 0 0 0 0 1 0 0 0 0 0 0 0 1 0 0 0 ]
