n = 20 ; 
T = 24 ; 
Init = [ 0 0 1 0 1 0 0 0 0 1 1 1 0 1 0 0 0 1 1 0 ]
L = [ 3 9 5 7 8 5 5 6 9 6 10 6 9 4 4 10 4 10 6 7 ]
l = [ 3 9 5 7 8 5 5 6 9 6 10 6 9 4 4 10 4 10 6 7 ]
Pmin = [ 28 89 58 80 84 50 46 59 98 62 100 63 100 40 36 100 33 100 50 76 ]
Pmax = [ 82 365 213 296 346 162 166 211 401 234 420 228 410 122 119 420 119 420 203 313 ]
cf = [ 59.6754 9.8343 31.644 42.8046 69.6698 64.7908 36.1394 23.2059 55.12 36.6253 25.1954 7.02964 21.313 16.1361 54.2721 28.7914 11.9905 35.4178 42.4128 34.2467 ]
c0 = [ 83 240 169 218 213 150 136 156 250 175 250 183 250 116 115 250 99 250 146 205 ]
cp = [ 40.0801 13.8164 28.1949 19.6931 15.604 37.8285 36.9454 21.8555 12.1029 16.999 11.1648 26.807 11.0243 38.4645 33.9885 10.7542 38.4468 8.5716 25.401 11.3914 ]
D = [ 1100 1500 1575 1943 2207 2475 2680 2988 3119 3360 3758 3872 4229 3996 3630 3338 2857 2641 3014 3554 4082 3384 2672 1872 ]
K = 21
nk = [ 132724344 32517 132724344 32517 0 0 0 0 0 0 0 0 0 0 0 0 0 0 0 0 ]
First = [ 1 1 1 1 1 1 1 1 1 1 1 1 1 1 1 1 1 1 1 1 ]
Last = [ 1 1 1 1 1 1 1 1 1 1 1 1 1 1 1 1 1 1 1 1 ]
nS = 3
S = [ 1 0 0 0 0 0 0 0 1 0 0 0 0 0 0 0 1 0 0 0 ]
