n = 20 ; 
T = 24 ; 
Init = [ 0 1 0 0 0 0 1 0 1 0 0 1 0 1 0 0 0 1 0 1 ]
L = [ 6 7 2 5 3 7 6 7 3 3 3 4 10 8 5 4 4 4 8 7 ]
l = [ 6 7 2 5 3 7 6 7 3 3 3 4 10 8 5 4 4 4 8 7 ]
Pmin = [ 62 71 15 40 17 70 60 80 22 33 30 35 100 86 45 37 32 33 84 73 ]
Pmax = [ 253 288 42 152 58 275 215 314 59 92 81 121 420 344 161 135 105 128 344 270 ]
cf = [ 44.9552 55.6618 53.5173 58.8737 13.3043 24.4837 14.8872 42.8242 26.3168 27.5284 31.4834 12.243 15.7885 27.9664 38.8027 51.4386 37.4754 58.1251 32.774 23.0674 ]
c0 = [ 175 198 68 115 65 180 160 219 81 97 86 113 250 225 140 110 103 105 234 192 ]
cp = [ 24.1871 18.6269 41.2464 22.3015 37.2 24.1621 29.7982 16.524 39.5304 36.4337 39.4892 39.075 8.56763 23.5921 23.9253 32.6368 40.1513 24.6584 17.9586 19.4904 ]
D = [ 364 2363 161 1832 133 3738 3561 2923 2445 3402 167 912 2524 3015 231 2910 229 714 1247 1411 1970 2746 1732 2508 ]
K = 21
nk = [ 0 0 0 0 0 0 0 0 0 0 0 0 0 0 0 0 0 0 0 0 ]
First = [ 1 1 1 1 1 1 1 1 1 1 1 1 1 1 1 1 1 1 1 1 ]
Last = [ 1 1 1 1 1 1 1 1 1 1 1 1 1 1 1 1 1 1 1 1 ]
nS = 3
S = [ 1 0 0 0 0 0 0 0 1 0 0 0 0 0 0 0 1 0 0 0 ]
