n = 20 ; 
T = 24 ; 
Init = [ 1 1 0 1 0 1 1 0 0 1 1 1 0 1 1 1 0 0 1 0 ]
L = [ 3 8 6 4 5 8 6 8 3 8 7 8 9 2 7 6 9 4 7 2 ]
l = [ 3 8 6 4 5 8 6 8 3 8 7 8 9 2 7 6 9 4 7 2 ]
Pmin = [ 33 89 66 41 48 85 53 88 29 85 73 88 93 26 78 64 88 46 69 24 ]
Pmax = [ 108 359 250 131 189 314 214 354 102 329 276 362 376 63 307 229 360 152 274 72 ]
cf = [ 10.8824 66.5906 45.7405 31.8014 59.6863 10.2306 24.2126 68.9726 62.8038 44.2373 34.1897 53.8131 68.8128 30.0812 8.59406 29.7355 47.5519 14.7139 13.9203 55.8415 ]
c0 = [ 108 233 189 114 135 219 141 239 84 223 201 234 250 79 206 185 226 131 184 79 ]
cp = [ 35.9121 19.4968 13.672 33.2895 16.527 29.1777 30.2032 33.8878 36.9804 13.8604 13.9478 16.4878 11.0341 40.3098 15.7409 15.1321 17.6471 30.3403 19.1688 40.3821 ]
D = [ 2505 4039 1819 1358 432 3545 1049 1562 818 2551 4021 1115 2291 2164 3013 1501 2412 4330 1423 1861 2358 3503 622 2268 ]
K = 21
nk = [ 0 0 0 0 0 0 0 0 0 0 0 0 0 0 0 0 0 0 0 0 ]
First = [ 1 1 1 1 1 1 1 1 1 1 1 1 1 1 1 1 1 1 1 1 ]
Last = [ 1 1 1 1 1 1 1 1 1 1 1 1 1 1 1 1 1 1 1 1 ]
nS = 3
S = [ 1 0 0 0 0 0 0 0 1 0 0 0 0 0 0 0 1 0 0 0 ]
