n = 20 ; 
T = 24 ; 
Init = [ 1 0 0 1 0 1 0 0 0 1 1 0 1 1 1 0 0 1 0 1 ]
L = [ 9 4 6 8 9 6 9 3 6 7 3 7 6 6 7 9 8 4 6 9 ]
l = [ 9 4 6 8 9 6 9 3 6 7 3 7 6 6 7 9 8 4 6 9 ]
Pmin = [ 91 45 62 89 97 66 94 29 65 75 26 69 56 60 68 100 79 41 68 100 ]
Pmax = [ 364 141 240 346 390 261 388 97 254 284 71 261 219 219 260 420 324 126 249 389 ]
cf = [ 51.5847 15.7783 12.2669 67.3679 55.882 47.2752 38.7999 62.9983 45.8077 29.4 61.5227 53.7719 36.5238 67.9938 68.4908 63.4468 17.4952 18.2391 31.8664 67.3191 ]
c0 = [ 232 121 161 229 250 173 239 92 183 205 85 181 159 174 194 250 204 110 185 250 ]
cp = [ 11.5872 31.4303 17.4521 23.879 12.8692 22.7138 12.9746 30.6991 13.5244 24.7538 40.8252 34.7206 25.5302 19.5256 22.5275 10.6866 11.1336 32.397 25.261 11.3477 ]
D = [ 4429 5096 1063 2497 4689 537 2824 384 546 8 3020 4299 747 3464 4078 4861 1551 1451 4272 4817 3337 3558 3451 519 ]
K = 21
nk = [ 719165048 32516 719165048 32516 0 0 0 0 0 0 0 0 0 0 0 0 0 0 0 0 ]
First = [ 1 1 1 1 1 1 1 1 1 1 1 1 1 1 1 1 1 1 1 1 ]
Last = [ 1 1 1 1 1 1 1 1 1 1 1 1 1 1 1 1 1 1 1 1 ]
nS = 3
S = [ 1 0 0 0 0 0 0 0 1 0 0 0 0 0 0 0 1 0 0 0 ]
