n = 20 ; 
T = 24 ; 
Init = [ 0 1 0 0 0 0 0 0 1 1 1 0 1 1 0 0 0 1 0 0 ]
L = [ 7 4 5 3 9 6 7 3 2 2 4 9 2 3 8 5 3 4 2 2 ]
l = [ 7 4 5 3 9 6 7 3 2 2 4 9 2 3 8 5 3 4 2 2 ]
Pmin = [ 81 45 52 25 99 71 64 24 19 16 47 100 14 25 79 51 26 39 16 26 ]
Pmax = [ 306 165 188 67 385 260 253 88 32 32 152 390 39 87 314 186 72 141 53 67 ]
cf = [ 25.1379 60.0856 30.067 36.8874 69.2413 50.6343 69.9132 47.6807 10.6277 8.23955 35.8186 46.594 24.8051 64.1569 26.3513 20.7822 41.6281 28.8638 45.3193 45.815 ]
c0 = [ 216 124 145 85 250 194 164 78 58 66 127 250 47 87 209 151 86 120 68 84 ]
cp = [ 16.2109 26.3365 32.7262 39.0577 16.6534 17.8362 22.403 31.622 39.5325 41.3454 35.4722 10.2679 40.6839 35.5653 15.6048 30.0344 37.7307 24.5776 41.8124 41.2005 ]
D = [ 725 907 965 1185 1395 1529 1722 1874 1946 2153 2372 2536 2653 2463 2319 2068 1935 1683 1975 2250 2507 2104 1609 1157 ]
K = 21
nk = [ 132724344 32517 132724344 32517 0 0 0 0 0 0 0 0 0 0 0 0 0 0 0 0 ]
First = [ 1 1 1 1 1 1 1 1 1 1 1 1 1 1 1 1 1 1 1 1 ]
Last = [ 1 1 1 1 1 1 1 1 1 1 1 1 1 1 1 1 1 1 1 1 ]
nS = 3
S = [ 1 0 0 0 0 0 0 0 1 0 0 0 0 0 0 0 1 0 0 0 ]
