n = 20 ; 
T = 24 ; 
Init = [ 1 1 0 1 0 0 0 0 1 1 0 1 1 1 1 0 0 0 1 0 ]
L = [ 5 2 8 5 4 7 9 9 5 7 7 6 6 3 7 10 8 6 5 6 ]
l = [ 5 2 8 5 4 7 9 9 5 7 7 6 6 3 7 10 8 6 5 6 ]
Pmin = [ 54 27 81 48 45 77 91 94 53 77 72 61 60 23 77 100 86 55 52 67 ]
Pmax = [ 205 66 323 191 150 295 370 378 209 285 270 224 226 82 280 420 338 224 199 261 ]
cf = [ 31.3201 66.9294 61.2854 65.1038 11.0071 61.2784 61.0238 42.9143 64.4338 19.1759 66.8543 23.2451 63.984 55.8639 18.0163 62.7872 28.3072 10.4619 42.1258 18.6858 ]
c0 = [ 148 90 222 145 139 206 248 250 156 198 186 163 157 77 202 250 217 156 142 175 ]
cp = [ 15.3641 37.0454 20.7933 23.946 36.562 22.4789 12.342 13.6381 11.6908 30.0796 21.3785 25.3577 19.6077 34.5447 25.3227 9.06899 21.5665 26.8575 23.2702 24.4718 ]
D = [ 1209 3542 2228 1540 938 3705 644 1160 1502 2025 2057 3431 1782 1366 3042 2100 675 2331 4948 233 3296 4698 1522 2819 ]
K = 21
nk = [ 719165048 32516 719165048 32516 0 0 0 0 0 0 0 0 0 0 0 0 0 0 0 0 ]
First = [ 1 1 1 1 1 1 1 1 1 1 1 1 1 1 1 1 1 1 1 1 ]
Last = [ 1 1 1 1 1 1 1 1 1 1 1 1 1 1 1 1 1 1 1 1 ]
nS = 3
S = [ 1 0 0 0 0 0 0 0 1 0 0 0 0 0 0 0 1 0 0 0 ]
