n = 20 ; 
T = 24 ; 
Init = [ 1 1 1 1 1 0 1 0 0 1 1 1 0 0 0 1 0 0 1 1 ]
L = [ 5 5 3 9 3 8 6 9 4 7 3 3 5 2 9 9 9 6 8 7 ]
l = [ 5 5 3 9 3 8 6 9 4 7 3 3 5 2 9 9 9 6 8 7 ]
Pmin = [ 45 57 24 97 31 91 67 91 43 77 21 31 53 28 94 96 99 59 89 77 ]
Pmax = [ 180 203 52 393 97 360 252 355 162 293 49 97 210 73 389 379 393 216 347 313 ]
cf = [ 26.2031 43.8339 48.4426 36.1827 31.4672 53.9631 11.6045 66.4991 31.8937 53.5876 12.9559 20.1533 37.5246 57.5171 62.6233 16.9297 34.8466 12.3764 13.9723 15.522 ]
c0 = [ 136 164 84 250 100 242 176 250 129 214 71 101 152 85 250 246 250 166 244 196 ]
cp = [ 25.6767 30.7005 38.2064 10.6071 34.8013 21.8466 33.8879 18.3727 33.9195 25.4106 38.9723 35.0807 25.4376 41.3109 23.197 9.15435 14.3761 21.846 19.0227 33.6546 ]
D = [ 1498 1723 1924 2108 2381 2617 2845 2980 3230 3421 3734 3860 4114 3830 3471 3026 2810 2473 2887 3344 3828 3229 2675 2024 ]
K = 21
nk = [ 0 0 0 0 0 0 0 0 0 0 0 0 0 0 0 0 0 0 0 0 ]
First = [ 1 1 1 1 1 1 1 1 1 1 1 1 1 1 1 1 1 1 1 1 ]
Last = [ 1 1 1 1 1 1 1 1 1 1 1 1 1 1 1 1 1 1 1 1 ]
nS = 3
S = [ 1 0 0 0 0 0 0 0 1 0 0 0 0 0 0 0 1 0 0 0 ]
