n = 10 ; 
T = 24 ; 
Init = [ 1 0 1 0 1 0 1 0 0 1 ]
L = [ 4 6 3 6 7 7 7 7 3 7 ]
l = [ 4 6 3 6 7 7 7 7 3 7 ]
Pmin = [ 40 70 30 60 70 80 70 70 30 80 ]
Pmax = [ 40 70 30 60 70 80 70 70 30 80 ]
cf = [ 42.51 54.8047 36.4767 60.6781 56.5585 46.131 60.5789 46.093 11.9166 35.9042 ]
c0 = [ 132 171 74 161 195 221 199 194 103 193 ]
cp = [ 38.3138 19.9738 35.5392 34.9253 15.4643 16.1306 20.6045 24.6841 37.5919 22.125 ]
D = [ 169 186 223 262 286 294 340 371 378 411 439 459 483 461 424 365 331 298 343 380 432 350 270 194 ]
K = 11
nk = [ 0 1 2 3 4 5 6 7 8 9 ]
First = [ 0 0 0 0 0 0 0 0 0 0 ]
Last = [ 0 0 0 0 0 0 0 0 0 0 ]
nS = 5
S = [ 1 1 1 1 0 1 0 0 0 0 ]
