n = 10 ; 
T = 24 ; 
Init = [ 1 0 1 0 1 0 0 1 1 1 ]
L = [ 10 9 4 4 10 3 3 7 3 8 ]
l = [ 10 9 4 4 10 3 3 7 3 8 ]
Pmin = [ 100 100 50 40 100 30 30 80 40 80 ]
Pmax = [ 100 100 50 40 100 30 30 80 40 80 ]
cf = [ 67.0966 57.0074 68.9415 61.2176 13.3351 14.9195 12.6287 47.1186 64.59 58.7042 ]
c0 = [ 250 250 148 120 249 99 108 204 119 214 ]
cp = [ 8.10509 15.9664 34.9236 31.9094 10.9058 39.1188 36.5663 15.8497 39.5528 11.3964 ]
D = [ 203 224 259 295 317 341 381 422 450 486 523 538 581 525 492 441 379 341 388 416 477 408 318 251 ]
K = 11
nk = [ 0 1 2 3 4 5 6 7 8 9 ]
First = [ 0 0 0 0 0 0 0 0 0 0 ]
Last = [ 0 0 0 0 0 0 0 0 0 0 ]
nS = 4
S = [ 1 1 0 0 0 1 0 0 0 1 ]
