n = 10 ; 
T = 24 ; 
Init = [ 1 0 1 0 0 0 1 1 1 1 ]
L = [ 8 8 9 9 10 5 5 8 8 6 ]
l = [ 8 8 9 9 10 5 5 8 8 6 ]
Pmin = [ 100 80 100 100 100 50 60 90 90 70 ]
Pmax = [ 100 80 100 100 100 50 60 90 90 70 ]
cf = [ 31.599 42.9167 28.8336 47.8647 36.5145 14.9269 44.5691 35.5775 50.1554 37.8435 ]
c0 = [ 250 208 250 250 250 141 150 241 241 191 ]
cp = [ 10.6784 18.0748 11.6397 9.19618 12.6155 29.4539 15.3427 14.5132 18.0217 18.4402 ]
D = [ 208 258 293 329 376 412 453 526 551 612 663 681 748 678 620 533 466 414 476 543 608 504 397 302 ]
K = 11
nk = [ 0 1 2 3 4 5 6 7 8 9 ]
First = [ 0 0 0 0 0 0 0 0 0 0 ]
Last = [ 0 0 0 0 0 0 0 0 0 0 ]
nS = 4
S = [ 1 0 1 0 0 0 1 1 0 0 ]
