n = 10 ; 
T = 24 ; 
Init = [ 0 0 0 0 0 0 0 0 0 1 ]
L = [ 3 8 4 6 6 2 10 5 7 4 ]
l = [ 3 8 4 6 6 2 10 5 7 4 ]
Pmin = [ 30 80 40 80 60 20 100 60 70 50 ]
Pmax = [ 30 80 40 80 60 20 100 60 70 50 ]
cf = [ 11.2955 20.9513 24.682 25.3776 19.2366 37.4587 50.2539 63.7491 52.7805 27.1207 ]
c0 = [ 98 204 105 201 160 54 250 155 194 135 ]
cp = [ 35.1668 28.9586 35.5624 30.9975 24.6148 40.3902 11.4315 23.2969 20.2818 33.3368 ]
D = [ 143 168 202 231 271 291 332 365 392 411 440 483 499 464 416 373 337 294 340 393 435 353 298 234 ]
K = 11
nk = [ 0 1 2 3 4 5 6 7 8 9 ]
First = [ 0 0 0 0 0 0 0 0 0 0 ]
Last = [ 0 0 0 0 0 0 0 0 0 0 ]
nS = 3
S = [ 1 0 1 0 0 0 0 0 1 0 ]
