n = 10 ; 
T = 24 ; 
Init = [ 0 0 1 0 1 1 1 1 0 0 ]
L = [ 10 9 6 8 9 7 3 4 6 9 ]
l = [ 10 9 6 8 9 7 3 4 6 9 ]
Pmin = [ 100 100 70 80 100 70 40 40 70 100 ]
Pmax = [ 100 100 70 80 100 70 40 40 70 100 ]
cf = [ 69.3804 21.4377 40.9734 61.0421 27.2029 50.4988 20.0695 55.4704 55.7498 58.7192 ]
c0 = [ 250 250 178 224 240 186 105 109 173 250 ]
cp = [ 11.9609 16.8415 28.9794 12.2184 16.2683 22.8808 36.4471 30.3604 34.4494 10.8425 ]
D = [ 183 233 263 294 336 373 430 454 489 532 569 611 625 605 531 486 464 397 467 529 582 478 401 286 ]
K = 11
nk = [ 0 1 2 3 4 5 6 7 8 9 ]
First = [ 0 0 0 0 0 0 0 0 0 0 ]
Last = [ 0 0 0 0 0 0 0 0 0 0 ]
nS = 3
S = [ 1 0 0 0 1 0 0 0 0 1 ]
