n = 10 ; 
T = 24 ; 
Init = [ 0 1 0 1 0 0 0 1 0 1 ]
L = [ 3 8 3 7 7 6 6 4 7 10 ]
l = [ 3 8 3 7 7 6 6 4 7 10 ]
Pmin = [ 30 100 20 80 70 60 60 40 70 100 ]
Pmax = [ 30 100 20 80 70 60 60 40 70 100 ]
cf = [ 31.027 53.9287 67.0929 39.4859 30.1404 47.7153 20.8128 29.1563 7.98644 15.2915 ]
c0 = [ 98 243 78 209 198 175 177 123 203 250 ]
cp = [ 41.0032 12.1778 40.9069 24.4491 24.2089 22.5718 20.9657 36.4658 25.5243 13.2704 ]
D = [ 147 185 219 241 285 319 335 362 402 446 475 496 534 481 436 397 353 317 360 407 468 377 298 223 ]
K = 11
nk = [ 0 1 2 3 4 5 6 7 8 9 ]
First = [ 0 0 0 0 0 0 0 0 0 0 ]
Last = [ 0 0 0 0 0 0 0 0 0 0 ]
nS = 2
S = [ 1 0 0 0 0 0 1 0 0 0 ]
