n = 10 ; 
T = 24 ; 
Init = [ 1 0 0 1 1 0 1 0 1 0 ]
L = [ 2 5 8 7 3 2 3 9 7 2 ]
l = [ 2 5 8 7 3 2 3 9 7 2 ]
Pmin = [ 20 50 90 70 20 20 30 100 70 20 ]
Pmax = [ 20 50 90 70 20 20 30 100 70 20 ]
cf = [ 55.9265 22.8252 25.3724 27.3662 19.5495 62.4901 20.4209 21.5103 10.4412 62.4696 ]
c0 = [ 75 138 234 199 81 88 79 250 180 47 ]
cp = [ 41.4845 25.0883 13.2001 25.0737 39.9498 41.6376 37.4064 12.562 19.5802 41.9589 ]
D = [ 118 138 165 180 212 228 259 287 308 327 358 380 399 370 351 308 274 244 299 344 389 325 263 196 ]
K = 11
nk = [ 0 1 2 3 4 5 6 7 8 9 ]
First = [ 0 0 0 0 0 0 0 0 0 0 ]
Last = [ 0 0 0 0 0 0 0 0 0 0 ]
nS = 3
S = [ 1 1 0 0 0 0 0 1 0 0 ]
