n = 10 ; 
T = 24 ; 
Init = [ 0 0 0 1 1 1 1 1 1 1 ]
L = [ 4 7 2 7 9 3 8 2 3 10 ]
l = [ 4 7 2 7 9 3 8 2 3 10 ]
Pmin = [ 40 80 20 70 100 30 90 20 30 100 ]
Pmax = [ 40 80 20 70 100 30 90 20 30 100 ]
cf = [ 43.833 61.0388 13.8146 69.0947 65.4776 11.5596 34.513 31.1564 29.0793 32.14 ]
c0 = [ 118 193 61 190 250 77 234 80 84 250 ]
cp = [ 26.5781 38.2508 41.046 21.954 10.5009 39.2384 16.322 40.6813 39.0732 8.83223 ]
D = [ 157 187 235 246 284 310 348 373 408 427 465 501 510 471 429 379 349 290 345 412 451 382 305 238 ]
K = 11
nk = [ 0 1 2 3 4 5 6 7 8 9 ]
First = [ 0 0 0 0 0 0 0 0 0 0 ]
Last = [ 0 0 0 0 0 0 0 0 0 0 ]
nS = 3
S = [ 1 0 0 0 1 0 0 1 0 0 ]
