n = 10 ; 
T = 24 ; 
Init = [ 1 1 0 1 1 0 1 0 0 1 ]
L = [ 3 6 4 6 9 9 8 7 3 7 ]
l = [ 3 6 4 6 9 9 8 7 3 7 ]
Pmin = [ 30 60 40 50 100 100 100 80 30 70 ]
Pmax = [ 30 60 40 50 100 100 100 80 30 70 ]
cf = [ 33.0839 56.3845 26.3165 63.0139 58.1483 66.2762 15.9569 48.1211 61.3474 58.6534 ]
c0 = [ 94 159 111 147 250 250 250 211 84 201 ]
cp = [ 33.6758 21.3043 32.0356 31.1471 16.2091 14.8691 11.7685 24.8663 39.1422 13.7752 ]
D = [ 136 158 214 255 281 308 344 394 428 466 496 544 563 518 471 439 387 322 388 461 531 429 363 275 ]
K = 11
nk = [ 0 1 2 3 4 5 6 7 8 9 ]
First = [ 0 0 0 0 0 0 0 0 0 0 ]
Last = [ 0 0 0 0 0 0 0 0 0 0 ]
nS = 3
S = [ 1 0 0 0 1 0 0 0 1 0 ]
