n = 10 ; 
T = 24 ; 
Init = [ 0 1 0 1 1 0 1 0 0 0 ]
L = [ 3 5 10 8 4 2 4 9 5 8 ]
l = [ 3 5 10 8 4 2 4 9 5 8 ]
Pmin = [ 30 50 100 90 40 20 40 100 40 90 ]
Pmax = [ 30 50 100 90 40 20 40 100 40 90 ]
cf = [ 66.6437 63.0974 17.5214 49.999 61.5044 11.7088 38.6753 49.3704 69.357 44.5769 ]
c0 = [ 89 141 250 250 129 61 122 250 128 245 ]
cp = [ 40.5028 22.4209 10.2476 18.4843 39.2958 40.0518 36.8816 9.37887 20.0719 15.7377 ]
D = [ 139 174 198 220 258 284 328 369 385 423 456 490 531 473 433 398 345 304 359 401 447 377 300 244 ]
K = 11
nk = [ 0 1 2 3 4 5 6 7 8 9 ]
First = [ 0 0 0 0 0 0 0 0 0 0 ]
Last = [ 0 0 0 0 0 0 0 0 0 0 ]
nS = 2
S = [ 1 0 0 0 0 0 1 0 0 0 ]
