n = 10 ; 
T = 24 ; 
Init = [ 0 1 1 0 0 1 1 1 0 0 ]
L = [ 3 5 10 5 4 3 4 8 2 7 ]
l = [ 3 5 10 5 4 3 4 8 2 7 ]
Pmin = [ 20 60 100 50 40 20 40 90 20 70 ]
Pmax = [ 20 60 100 50 40 20 40 90 20 70 ]
cf = [ 26.2582 66.8741 39.7816 36.64 29.8208 51.1309 29.6455 61.7515 67.6347 49.6687 ]
c0 = [ 82 167 250 138 120 78 110 234 85 193 ]
cp = [ 35.1733 31.7915 10.0708 35.6153 32.9343 39.9913 31.2757 13.4814 40.2705 17.7909 ]
D = [ 100 142 160 202 226 245 281 308 329 370 397 427 449 407 376 333 297 260 296 347 396 341 267 187 ]
K = 11
nk = [ 0 1 2 3 4 5 6 7 8 9 ]
First = [ 0 0 0 0 0 0 0 0 0 0 ]
Last = [ 0 0 0 0 0 0 0 0 0 0 ]
nS = 3
S = [ 1 0 0 0 0 0 1 0 1 0 ]
