n = 10 ; 
T = 24 ; 
Init = [ 0 0 0 1 1 0 0 0 0 1 ]
L = [ 9 7 3 2 4 10 10 3 7 6 ]
l = [ 9 7 3 2 4 10 10 3 7 6 ]
Pmin = [ 100 70 20 20 40 100 100 40 80 60 ]
Pmax = [ 100 70 20 20 40 100 100 40 80 60 ]
cf = [ 37.0185 15.8165 60.3669 55.0923 33.8753 31.136 51.8028 22.3647 19.8377 61.1484 ]
c0 = [ 250 193 66 60 107 250 250 107 212 162 ]
cp = [ 10.8085 20.0826 37.1987 39.055 37.1179 11.0337 9.6625 37.4278 21.451 21.4437 ]
D = [ 130 164 193 224 274 299 342 375 406 431 456 506 545 482 451 396 366 326 363 431 483 410 326 257 ]
K = 11
nk = [ 0 1 2 3 4 5 6 7 8 9 ]
First = [ 0 0 0 0 0 0 0 0 0 0 ]
Last = [ 0 0 0 0 0 0 0 0 0 0 ]
nS = 3
S = [ 1 0 0 0 0 0 1 1 0 0 ]
