n = 10 ; 
T = 24 ; 
Init = [ 1 1 0 0 0 0 1 1 0 1 ]
L = [ 10 6 3 9 5 6 9 3 9 6 ]
l = [ 10 6 3 9 5 6 9 3 9 6 ]
Pmin = [ 100 60 30 100 50 70 100 20 100 50 ]
Pmax = [ 100 60 30 100 50 70 100 20 100 50 ]
cf = [ 58.2046 40.582 54.2306 12.2903 40.4902 35.8353 60.4477 67.9306 47.7228 49.893 ]
c0 = [ 250 163 83 250 126 203 250 82 250 143 ]
cp = [ 11.1242 24.6759 31.4503 13.0897 23.5426 17.4135 21.343 35.6129 17.7789 26.5343 ]
D = [ 171 207 234 262 320 347 390 433 467 499 546 578 599 552 499 433 376 316 403 449 521 430 337 264 ]
K = 11
nk = [ 0 1 2 3 4 5 6 7 8 9 ]
First = [ 0 0 0 0 0 0 0 0 0 0 ]
Last = [ 0 0 0 0 0 0 0 0 0 0 ]
nS = 3
S = [ 1 0 0 0 1 0 0 0 1 0 ]
