n = 10 ; 
T = 24 ; 
Init = [ 1 1 1 0 1 0 1 0 0 1 ]
L = [ 9 9 9 5 7 6 8 5 7 4 ]
l = [ 9 9 9 5 7 6 8 5 7 4 ]
Pmin = [ 100 100 100 60 80 60 100 50 80 30 ]
Pmax = [ 100 100 100 60 80 60 100 50 80 30 ]
cf = [ 24.8131 18.3076 25.9687 9.19391 50.1309 14.3531 37.1539 40.1648 58.731 64.5067 ]
c0 = [ 250 250 250 151 198 171 250 137 219 95 ]
cp = [ 11.8885 17.0639 18.7336 29.5574 17.2561 32.0059 15.002 32.9189 23.7533 32.0453 ]
D = [ 188 241 265 296 346 385 393 435 473 513 546 593 609 560 509 472 416 362 455 518 579 472 393 272 ]
K = 11
nk = [ 0 1 2 3 4 5 6 7 8 9 ]
First = [ 0 0 0 0 0 0 0 0 0 0 ]
Last = [ 0 0 0 0 0 0 0 0 0 0 ]
nS = 4
S = [ 1 0 0 0 0 1 0 0 1 1 ]
