n = 10 ; 
T = 24 ; 
Init = [ 0 1 1 0 0 0 0 1 1 0 ]
L = [ 7 10 7 8 6 4 6 6 8 5 ]
l = [ 7 10 7 8 6 4 6 6 8 5 ]
Pmin = [ 80 100 80 80 60 40 60 60 90 50 ]
Pmax = [ 80 100 80 80 60 40 60 60 90 50 ]
cf = [ 34.8325 61.5907 28.4626 63.1284 63.2897 62.9731 27.2769 21.6108 65.0539 64.6475 ]
c0 = [ 206 250 207 198 163 108 174 154 228 129 ]
cp = [ 27.2342 12.3298 17.6725 14.8432 20.6648 21.3268 27.5947 20.8948 24.7736 34.5427 ]
D = [ 139 178 225 259 278 308 340 381 432 446 487 516 563 527 474 440 387 346 433 504 544 470 363 267 ]
K = 11
nk = [ 0 1 2 3 4 5 6 7 8 9 ]
First = [ 0 0 0 0 0 0 0 0 0 0 ]
Last = [ 0 0 0 0 0 0 0 0 0 0 ]
nS = 3
S = [ 1 0 1 0 0 1 0 0 0 0 ]
