n = 10 ; 
T = 24 ; 
Init = [ 0 0 1 1 0 1 1 1 1 1 ]
L = [ 5 8 4 5 6 5 9 8 6 4 ]
l = [ 5 8 4 5 6 5 9 8 6 4 ]
Pmin = [ 50 90 50 60 70 50 100 90 60 40 ]
Pmax = [ 50 90 50 60 70 50 100 90 60 40 ]
cf = [ 11.8064 34.7804 18.8608 47.4034 12.4931 68.8742 66.6111 49.5095 52.8805 9.94785 ]
c0 = [ 155 235 140 165 194 148 247 239 166 114 ]
cp = [ 25.0927 11.7516 30.7737 21.2578 33.3279 21.1539 14.099 13.1233 17.2681 38.059 ]
D = [ 192 240 268 289 329 350 387 427 471 505 522 557 583 537 481 424 373 326 382 435 494 423 326 254 ]
K = 11
nk = [ 0 1 2 3 4 5 6 7 8 9 ]
First = [ 0 0 0 0 0 0 0 0 0 0 ]
Last = [ 0 0 0 0 0 0 0 0 0 0 ]
nS = 5
S = [ 1 0 0 1 1 1 0 1 0 0 ]
