n = 10 ; 
T = 24 ; 
Init = [ 1 1 1 0 0 0 0 0 1 1 ]
L = [ 3 2 8 3 5 5 7 6 9 5 ]
l = [ 3 2 8 3 5 5 7 6 9 5 ]
Pmin = [ 30 20 90 20 50 60 70 70 100 60 ]
Pmax = [ 30 20 90 20 50 60 70 70 100 60 ]
cf = [ 24.0396 31.0962 37.5625 38.1638 45.6068 46.4942 30.2715 44.4805 23.1295 18.25 ]
c0 = [ 89 70 236 82 139 159 190 182 249 166 ]
cp = [ 40.6291 40.1673 16.5565 39.3064 23.7106 28.168 15.2067 17.8145 9.66511 34.8206 ]
D = [ 139 172 202 218 240 276 312 339 366 385 423 438 473 425 391 346 316 285 334 372 435 353 277 191 ]
K = 11
nk = [ 0 1 2 3 4 5 6 7 8 9 ]
First = [ 0 0 0 0 0 0 0 0 0 0 ]
Last = [ 0 0 0 0 0 0 0 0 0 0 ]
nS = 5
S = [ 1 0 0 1 1 0 1 0 0 1 ]
