n = 10 ; 
T = 24 ; 
Init = [ 1 0 0 1 0 1 0 1 1 0 ]
L = [ 7 6 9 7 7 4 7 10 5 2 ]
l = [ 7 6 9 7 7 4 7 10 5 2 ]
Pmin = [ 80 60 90 80 70 40 80 100 60 20 ]
Pmax = [ 80 60 90 80 70 40 80 100 60 20 ]
cf = [ 69.0508 69.7393 49.9099 16.4831 56.2181 57.0173 27.4343 41.6904 51.2769 19.9162 ]
c0 = [ 215 152 227 210 171 118 223 250 162 71 ]
cp = [ 18.0869 26.9894 11.5235 23.7671 16.3804 35.0763 23.5728 8.08492 28.3775 40.7226 ]
D = [ 169 202 230 277 304 341 368 420 458 494 531 559 586 525 488 437 364 327 382 435 502 411 332 258 ]
K = 11
nk = [ 0 1 2 3 4 5 6 7 8 9 ]
First = [ 0 0 0 0 0 0 0 0 0 0 ]
Last = [ 0 0 0 0 0 0 0 0 0 0 ]
nS = 3
S = [ 1 0 0 0 0 1 0 0 1 0 ]
