n = 10 ; 
T = 48 ; 
Init = [ 0 1 0 1 1 0 0 0 0 1 ]
L = [ 6 6 6 3 7 9 9 8 8 5 ]
l = [ 6 6 6 3 7 9 9 8 8 5 ]
Pmin = [ 60 60 60 30 80 100 90 90 90 50 ]
Pmax = [ 60 60 60 30 80 100 90 90 90 50 ]
cf = [ 39.0334 55.3445 15.9793 54.718 21.4279 58.4707 50.0622 48.0472 67.2679 35.9215 ]
c0 = [ 173 178 167 93 199 250 245 222 248 139 ]
cp = [ 24.9382 21.1154 20.1023 40.0882 20.9124 11.5617 12.329 17.1935 14.7874 24.4302 ]
D = [ 205 244 278 314 342 369 401 429 473 501 535 573 598 555 492 456 419 363 416 473 508 430 336 252 146 189 231 281 325 369 386 424 468 508 557 597 638 571 538 465 414 367 403 471 489 433 359 269 ]
K = 11
nk = [ 0 1 2 3 4 5 6 7 8 9 ]
First = [ 0 0 0 0 0 0 0 0 0 0 ]
Last = [ 0 0 0 0 0 0 0 0 0 0 ]
nS = 3
S = [ 1 0 0 0 0 1 1 0 0 0 ]
