n = 10 ; 
T = 48 ; 
Init = [ 1 0 1 0 0 1 0 0 1 1 ]
L = [ 8 5 10 7 7 6 5 3 4 5 ]
l = [ 8 5 10 7 7 6 5 3 4 5 ]
Pmin = [ 90 40 100 80 80 50 60 30 40 50 ]
Pmax = [ 90 40 100 80 80 50 60 30 40 50 ]
cf = [ 47.4144 33.0906 56.4627 41.6022 69.7475 16.7211 61.5794 18.7693 21.8084 56.6979 ]
c0 = [ 223 132 250 218 209 146 154 88 128 140 ]
cp = [ 21.0733 29.7895 12.8909 23.919 14.968 30.0103 23.6845 31.9323 24.9086 32.884 ]
D = [ 128 163 195 233 258 303 331 346 390 416 442 462 492 478 441 404 363 319 376 412 464 394 317 221 148 174 198 231 284 315 344 386 415 452 483 508 541 506 450 424 362 330 358 398 434 369 307 225 ]
K = 11
nk = [ 0 1 2 3 4 5 6 7 8 9 ]
First = [ 0 0 0 0 0 0 0 0 0 0 ]
Last = [ 0 0 0 0 0 0 0 0 0 0 ]
nS = 2
S = [ 1 0 0 0 0 1 0 0 0 0 ]
