n = 10 ; 
T = 48 ; 
Init = [ 0 0 0 0 0 0 1 0 0 1 ]
L = [ 8 3 4 10 4 5 3 8 7 7 ]
l = [ 8 3 4 10 4 5 3 8 7 7 ]
Pmin = [ 80 30 40 100 30 50 30 80 70 70 ]
Pmax = [ 80 30 40 100 30 50 30 80 70 70 ]
cf = [ 49.3336 44.2356 66.7601 25.3178 57.4708 13.5075 50.7872 14.6912 17.9444 64.8142 ]
c0 = [ 210 85 113 250 99 147 92 207 203 194 ]
cp = [ 27.7189 33.1378 33.4096 8.43568 37.5514 33.8428 33.8564 11.7478 22.4111 17.8082 ]
D = [ 141 180 210 223 270 293 327 341 372 402 443 480 511 467 421 362 326 278 327 399 439 363 293 211 137 167 198 225 255 292 313 358 376 404 449 466 504 461 406 371 326 280 352 402 448 383 310 227 ]
K = 11
nk = [ 0 1 2 3 4 5 6 7 8 9 ]
First = [ 0 0 0 0 0 0 0 0 0 0 ]
Last = [ 0 0 0 0 0 0 0 0 0 0 ]
nS = 3
S = [ 1 0 0 0 0 1 0 0 1 0 ]
