n = 10 ; 
T = 48 ; 
Init = [ 1 0 0 0 0 1 0 0 1 0 ]
L = [ 7 9 6 4 4 9 9 4 8 6 ]
l = [ 7 9 6 4 4 9 9 4 8 6 ]
Pmin = [ 60 100 60 40 50 100 100 50 90 60 ]
Pmax = [ 60 100 60 40 50 100 100 50 90 60 ]
cf = [ 24.9898 38.9387 60.637 26.8534 65.6529 53.1329 63.9576 51.1332 51.5074 50.731 ]
c0 = [ 177 250 175 130 153 250 248 134 229 179 ]
cp = [ 27.1728 14.2505 16.9977 32.6308 33.2792 11.6664 8.64341 32.278 11.5478 27.331 ]
D = [ 192 242 261 311 316 351 395 417 443 481 505 534 574 530 497 449 417 362 426 510 546 471 368 265 165 194 242 268 314 352 382 432 456 504 521 581 621 549 502 451 415 360 433 497 560 469 380 284 ]
K = 11
nk = [ 0 1 2 3 4 5 6 7 8 9 ]
First = [ 0 0 0 0 0 0 0 0 0 0 ]
Last = [ 0 0 0 0 0 0 0 0 0 0 ]
nS = 2
S = [ 1 0 0 0 0 0 1 0 0 0 ]
