n = 10 ; 
T = 48 ; 
Init = [ 1 1 1 0 0 1 1 0 0 1 ]
L = [ 6 6 4 8 7 8 5 3 8 6 ]
l = [ 6 6 4 8 7 8 5 3 8 6 ]
Pmin = [ 60 50 40 80 80 90 60 20 90 60 ]
Pmax = [ 60 50 40 80 80 90 60 20 90 60 ]
cf = [ 27.1034 33.1854 41.8177 59.3002 39.1229 41.2663 51.5166 68.7426 46.9498 31.1518 ]
c0 = [ 145 140 107 215 208 224 151 80 238 167 ]
cp = [ 33.4309 18.1005 36.9499 19.2953 24.9986 18.8295 21.2734 41.1623 16.7597 24.8987 ]
D = [ 162 192 227 253 290 332 346 386 406 447 469 506 549 504 455 408 365 343 388 439 472 391 320 234 161 191 227 263 298 330 373 394 434 462 498 524 568 499 451 404 351 297 360 413 469 391 311 221 ]
K = 11
nk = [ 0 1 2 3 4 5 6 7 8 9 ]
First = [ 0 0 0 0 0 0 0 0 0 0 ]
Last = [ 0 0 0 0 0 0 0 0 0 0 ]
nS = 4
S = [ 1 0 0 0 0 1 0 1 1 0 ]
