n = 10 ; 
T = 48 ; 
Init = [ 0 0 0 0 0 1 1 1 0 1 ]
L = [ 8 7 8 4 5 7 3 7 6 6 ]
l = [ 8 7 8 4 5 7 3 7 6 6 ]
Pmin = [ 90 80 90 40 50 80 40 70 60 60 ]
Pmax = [ 90 80 90 40 50 80 40 70 60 60 ]
cf = [ 11.3248 21.331 39.431 69.1195 30.9211 26.966 55.8224 29.5234 11.618 24.6341 ]
c0 = [ 222 223 231 99 142 216 115 193 169 151 ]
cp = [ 21.4109 12.772 21.5877 39.3466 33.2183 24.0311 36.3583 20.1151 23.7673 22.1746 ]
D = [ 183 219 267 281 305 333 375 416 424 469 493 537 553 519 458 421 388 331 370 444 491 407 344 258 195 222 273 302 321 356 405 422 469 503 524 560 588 541 507 438 400 347 396 451 521 413 339 242 ]
K = 11
nk = [ 0 1 2 3 4 5 6 7 8 9 ]
First = [ 0 0 0 0 0 0 0 0 0 0 ]
Last = [ 0 0 0 0 0 0 0 0 0 0 ]
nS = 2
S = [ 1 0 0 0 0 0 1 0 0 0 ]
