n = 10 ; 
T = 48 ; 
Init = [ 1 1 0 0 0 0 1 0 0 1 ]
L = [ 2 6 2 2 6 8 8 6 3 3 ]
l = [ 2 6 2 2 6 8 8 6 3 3 ]
Pmin = [ 20 60 20 20 60 90 90 60 40 40 ]
Pmax = [ 20 60 20 20 60 90 90 60 40 40 ]
cf = [ 18.252 16.7973 20.5386 46.7842 67.1059 36.8687 56.6795 37.5761 61.3788 45.4993 ]
c0 = [ 75 182 78 78 175 217 246 157 116 118 ]
cp = [ 41.424 30.3824 40.909 41.8229 23.8782 25.8662 28.6298 25.2894 34.2484 34.0635 ]
D = [ 118 155 163 193 221 247 256 290 309 341 360 384 411 370 346 319 285 260 301 341 369 300 247 190 120 142 181 200 226 251 273 302 333 365 389 408 435 412 368 315 278 236 285 340 389 309 243 174 ]
K = 11
nk = [ 0 1 2 3 4 5 6 7 8 9 ]
First = [ 0 0 0 0 0 0 0 0 0 0 ]
Last = [ 0 0 0 0 0 0 0 0 0 0 ]
nS = 3
S = [ 1 0 0 0 1 0 0 1 0 0 ]
