n = 10 ; 
T = 48 ; 
Init = [ 0 1 1 1 1 1 1 0 0 1 ]
L = [ 2 7 6 4 3 9 6 8 5 6 ]
l = [ 2 7 6 4 3 9 6 8 5 6 ]
Pmin = [ 20 80 70 40 30 100 70 80 50 50 ]
Pmax = [ 20 80 70 40 30 100 70 80 50 50 ]
cf = [ 46.9664 33.042 33.4735 59.218 16.7688 18.3364 38.5477 10.934 18.7866 36.3489 ]
c0 = [ 68 195 172 127 96 250 188 214 146 153 ]
cp = [ 41.0176 22.946 34.9935 37.6473 35.8718 15.0121 20.778 11.226 30.4777 29.3899 ]
D = [ 133 157 200 219 260 301 315 360 377 408 448 482 514 481 425 386 352 314 355 388 438 363 287 210 131 153 203 237 270 285 328 370 390 424 451 495 537 484 422 390 345 284 333 388 450 363 276 211 ]
K = 11
nk = [ 0 1 2 3 4 5 6 7 8 9 ]
First = [ 0 0 0 0 0 0 0 0 0 0 ]
Last = [ 0 0 0 0 0 0 0 0 0 0 ]
nS = 2
S = [ 1 0 0 0 0 0 1 0 0 0 ]
