n = 10 ; 
T = 48 ; 
Init = [ 1 0 1 1 0 1 0 1 0 1 ]
L = [ 4 3 2 2 8 6 6 4 5 3 ]
l = [ 4 3 2 2 8 6 6 4 5 3 ]
Pmin = [ 30 30 20 20 80 60 70 40 40 20 ]
Pmax = [ 30 30 20 20 80 60 70 40 40 20 ]
cf = [ 54.5962 24.7605 26.9229 66.4684 36.2175 65.6634 55.7953 25.1866 34.7924 16.7773 ]
c0 = [ 96 98 68 72 212 176 198 134 125 74 ]
cp = [ 36.5347 38.4168 41.4274 39.2256 16.1566 22.5488 29.8389 30.2832 36.3836 39.5209 ]
D = [ 103 115 138 159 180 210 226 254 270 294 309 326 350 319 296 268 241 211 229 274 298 257 202 151 102 116 147 169 184 217 239 246 274 303 321 335 359 337 301 271 240 206 238 264 290 239 193 134 ]
K = 11
nk = [ 0 1 2 3 4 5 6 7 8 9 ]
First = [ 0 0 0 0 0 0 0 0 0 0 ]
Last = [ 0 0 0 0 0 0 0 0 0 0 ]
nS = 3
S = [ 1 0 0 0 0 1 0 0 1 0 ]
