n = 10 ; 
T = 48 ; 
Init = [ 0 1 1 1 0 1 1 1 1 0 ]
L = [ 7 5 9 9 7 7 2 5 3 2 ]
l = [ 7 5 9 9 7 7 2 5 3 2 ]
Pmin = [ 80 40 100 100 80 80 20 40 30 30 ]
Pmax = [ 80 40 100 100 80 80 20 40 30 30 ]
cf = [ 62.8 7.91406 27.6013 20.1506 23.2426 12.0637 27.929 14.6979 18.2928 65.964 ]
c0 = [ 213 114 246 250 226 210 77 122 95 79 ]
cp = [ 15.0959 25.7197 19.4329 14.0486 15.9264 15.4009 41.5014 32.1055 36.5365 40.2274 ]
D = [ 128 153 188 210 246 284 306 348 389 419 443 472 514 482 443 399 360 324 342 380 424 346 272 195 132 150 171 210 254 266 308 334 359 410 421 469 487 447 410 365 326 284 329 382 432 353 289 215 ]
K = 11
nk = [ 0 1 2 3 4 5 6 7 8 9 ]
First = [ 0 0 0 0 0 0 0 0 0 0 ]
Last = [ 0 0 0 0 0 0 0 0 0 0 ]
nS = 2
S = [ 1 0 0 0 0 0 1 0 0 0 ]
