n = 10 ; 
T = 48 ; 
Init = [ 1 0 1 0 1 0 1 0 0 0 ]
L = [ 3 10 4 5 5 5 5 2 2 6 ]
l = [ 3 10 4 5 5 5 5 2 2 6 ]
Pmin = [ 30 100 50 60 60 60 50 20 10 60 ]
Pmax = [ 30 100 50 60 60 60 50 20 10 60 ]
cf = [ 38.4277 10.5635 46.8714 68.5745 61.2657 22.4147 40.1355 15.3784 9.94407 41.787 ]
c0 = [ 85 250 134 161 164 171 137 68 48 174 ]
cp = [ 30.88 10.5323 33.2401 19.4235 29.5138 26.3654 36.6099 41.7736 40.6998 24.6437 ]
D = [ 107 142 162 201 231 254 272 314 331 369 396 414 448 395 361 312 279 235 288 332 376 329 250 198 142 164 185 199 234 246 262 291 313 344 362 374 404 380 346 314 278 258 283 334 367 311 240 189 ]
K = 11
nk = [ 0 1 2 3 4 5 6 7 8 9 ]
First = [ 0 0 0 0 0 0 0 0 0 0 ]
Last = [ 0 0 0 0 0 0 0 0 0 0 ]
nS = 4
S = [ 1 1 1 0 0 0 0 0 1 0 ]
