n = 10 ; 
T = 48 ; 
Init = [ 1 1 1 1 0 0 0 0 0 1 ]
L = [ 4 5 9 4 3 4 9 3 5 3 ]
l = [ 4 5 9 4 3 4 9 3 5 3 ]
Pmin = [ 40 50 100 50 30 30 100 40 50 30 ]
Pmax = [ 40 50 100 50 30 30 100 40 50 30 ]
cf = [ 56.9922 61.9397 62.7407 42.4609 35.0879 68.5123 52.6467 47.2329 68.4337 29.2297 ]
c0 = [ 130 127 250 139 79 99 250 107 138 95 ]
cp = [ 37.5821 31.2657 11.4919 35.349 32.5134 30.7328 18.9365 34.3299 19.6034 31.485 ]
D = [ 110 156 166 207 225 253 290 314 351 375 406 444 474 432 388 351 307 264 304 330 362 312 254 184 124 141 173 202 220 244 283 300 332 345 371 398 434 387 354 326 297 245 296 346 400 334 273 213 ]
K = 11
nk = [ 0 1 2 3 4 5 6 7 8 9 ]
First = [ 0 0 0 0 0 0 0 0 0 0 ]
Last = [ 0 0 0 0 0 0 0 0 0 0 ]
nS = 2
S = [ 1 0 0 0 0 1 0 0 0 0 ]
