n = 10 ; 
T = 48 ; 
Init = [ 1 1 1 1 1 0 0 0 1 0 ]
L = [ 8 5 5 8 8 3 5 8 7 6 ]
l = [ 8 5 5 8 8 3 5 8 7 6 ]
Pmin = [ 90 50 40 80 80 30 50 90 80 60 ]
Pmax = [ 90 50 40 80 80 30 50 90 80 60 ]
cf = [ 41.1805 59.389 52.5525 60.5113 46.3615 67.0613 56.2168 42.5522 15.5187 45.0727 ]
c0 = [ 220 156 115 227 223 94 138 230 208 162 ]
cp = [ 14.6056 19.9133 34.5179 17.7684 17.0899 41.3515 30.8573 22.1168 29.7713 31.0856 ]
D = [ 131 171 201 230 262 305 332 380 409 429 468 496 532 481 456 401 360 316 355 415 463 378 301 238 141 182 211 256 293 319 336 383 403 461 479 512 548 513 473 429 388 338 381 425 471 397 312 229 ]
K = 11
nk = [ 0 1 2 3 4 5 6 7 8 9 ]
First = [ 0 0 0 0 0 0 0 0 0 0 ]
Last = [ 0 0 0 0 0 0 0 0 0 0 ]
nS = 3
S = [ 1 0 0 0 1 0 0 0 1 0 ]
