n = 10 ; 
T = 48 ; 
Init = [ 1 0 0 1 0 0 1 1 1 0 ]
L = [ 6 6 9 3 8 6 6 7 7 6 ]
l = [ 6 6 9 3 8 6 6 7 7 6 ]
Pmin = [ 60 60 100 30 90 60 60 80 80 70 ]
Pmax = [ 60 60 100 30 90 60 60 80 80 70 ]
cf = [ 57.9829 12.4371 46.1148 48.8647 64.3432 23.9543 22.1456 65.6634 48.7061 69.6075 ]
c0 = [ 162 168 250 100 225 165 166 196 201 181 ]
cp = [ 33.1617 32.8096 13.0895 35.8776 14.2526 19.5304 24.7435 31.7408 12.4727 20.141 ]
D = [ 193 232 282 293 340 367 413 437 466 503 541 569 621 565 516 449 408 367 414 447 512 430 323 240 144 193 226 265 301 339 363 393 442 483 508 560 578 537 495 447 381 349 393 444 519 429 352 263 ]
K = 11
nk = [ 0 1 2 3 4 5 6 7 8 9 ]
First = [ 0 0 0 0 0 0 0 0 0 0 ]
Last = [ 0 0 0 0 0 0 0 0 0 0 ]
nS = 2
S = [ 1 0 0 0 0 0 1 0 0 0 ]
