n = 10 ; 
T = 48 ; 
Init = [ 1 1 0 0 1 1 0 1 0 1 ]
L = [ 8 8 9 5 4 8 3 9 6 3 ]
l = [ 8 8 9 5 4 8 3 9 6 3 ]
Pmin = [ 90 80 100 60 50 80 30 100 70 30 ]
Pmax = [ 90 80 100 60 50 80 30 100 70 30 ]
cf = [ 52.7248 22.7039 59.2869 35.8515 11.9391 29.4961 46.8145 65.6593 28.8341 42.4979 ]
c0 = [ 233 206 250 176 134 208 92 250 178 83 ]
cp = [ 15.1675 11.9074 11.4818 24.8869 26.0436 22.4944 39.5648 12.9049 16.6515 41.4402 ]
D = [ 191 226 266 312 336 379 418 428 488 513 553 568 605 560 499 448 378 331 402 481 556 470 366 286 189 216 246 297 329 341 382 421 437 480 516 550 570 540 502 461 399 370 414 490 527 430 361 256 ]
K = 11
nk = [ 0 1 2 3 4 5 6 7 8 9 ]
First = [ 0 0 0 0 0 0 0 0 0 0 ]
Last = [ 0 0 0 0 0 0 0 0 0 0 ]
nS = 3
S = [ 1 0 1 0 0 1 0 0 0 0 ]
