n = 10 ; 
T = 48 ; 
Init = [ 1 0 0 1 1 1 0 0 0 1 ]
L = [ 7 4 6 7 7 9 3 3 8 8 ]
l = [ 7 4 6 7 7 9 3 3 8 8 ]
Pmin = [ 80 30 60 70 80 100 30 30 80 80 ]
Pmax = [ 80 30 60 70 80 100 30 30 80 80 ]
cf = [ 22.4302 11.8286 49.0281 18.6557 32.9886 16.6074 23.801 30.7526 37.8569 30.7271 ]
c0 = [ 208 98 158 187 206 245 112 79 217 224 ]
cp = [ 26.6306 34.167 25.463 28.0425 20.689 20.4275 20.7413 33.0733 22.8969 20.6055 ]
D = [ 176 207 224 264 304 322 373 410 420 457 501 528 553 505 474 426 369 333 385 450 505 428 349 259 160 208 238 274 307 344 361 404 435 455 502 537 568 501 447 396 345 317 371 446 497 424 312 243 ]
K = 11
nk = [ 0 1 2 3 4 5 6 7 8 9 ]
First = [ 0 0 0 0 0 0 0 0 0 0 ]
Last = [ 0 0 0 0 0 0 0 0 0 0 ]
nS = 4
S = [ 1 1 0 1 0 0 0 0 1 0 ]
