n = 10 ; 
T = 48 ; 
Init = [ 1 0 1 1 0 0 1 1 0 1 ]
L = [ 8 9 4 4 5 6 3 3 8 8 ]
l = [ 8 9 4 4 5 6 3 3 8 8 ]
Pmin = [ 90 100 50 40 60 70 30 30 90 90 ]
Pmax = [ 90 100 50 40 60 70 30 30 90 90 ]
cf = [ 12.6566 62.9057 58.4702 53.3841 65.8565 57.7769 39.1725 45.1954 46.1245 25.6424 ]
c0 = [ 242 250 133 122 169 187 109 80 225 229 ]
cp = [ 19.3535 10.4404 24.5136 25.1372 28.3991 17.6648 39.2766 40.6116 16.4711 17.0156 ]
D = [ 194 218 258 292 319 343 373 395 419 458 476 509 545 500 458 422 370 322 392 445 510 429 353 273 173 211 239 277 299 332 367 409 442 469 505 522 564 503 479 420 387 345 400 459 494 431 332 262 ]
K = 11
nk = [ 0 1 2 3 4 5 6 7 8 9 ]
First = [ 0 0 0 0 0 0 0 0 0 0 ]
Last = [ 0 0 0 0 0 0 0 0 0 0 ]
nS = 3
S = [ 1 0 0 1 0 0 0 0 0 1 ]
