n = 10 ; 
T = 48 ; 
Init = [ 1 0 0 1 0 0 0 0 0 1 ]
L = [ 9 8 3 10 8 2 3 4 7 8 ]
l = [ 9 8 3 10 8 2 3 4 7 8 ]
Pmin = [ 100 80 30 100 70 20 30 50 80 90 ]
Pmax = [ 100 80 30 100 70 20 30 50 80 90 ]
cf = [ 49.8231 29.9305 27.0363 34.5404 13.7622 32.3363 8.3673 34.0887 69.5795 58.5078 ]
c0 = [ 250 214 93 250 191 61 82 128 203 237 ]
cp = [ 13.1866 28.7706 38.9705 8.54651 16.8672 41.9455 32.1626 27.4275 13.6207 16.1766 ]
D = [ 198 226 249 278 317 335 369 399 429 469 497 533 561 499 477 422 386 330 397 435 494 411 334 271 177 221 260 273 309 346 393 416 457 478 527 551 595 535 469 405 367 315 383 430 515 440 340 266 ]
K = 11
nk = [ 0 1 2 3 4 5 6 7 8 9 ]
First = [ 0 0 0 0 0 0 0 0 0 0 ]
Last = [ 0 0 0 0 0 0 0 0 0 0 ]
nS = 4
S = [ 1 1 0 1 0 0 0 0 1 0 ]
