n = 20 ; 
T = 24 ; 
Init = [ 0 0 0 1 1 0 0 1 0 1 0 0 0 1 0 1 1 0 1 0 ]
L = [ 3 4 4 6 9 10 2 5 4 4 5 6 3 8 9 3 8 4 9 4 ]
l = [ 3 4 4 6 9 10 2 5 4 4 5 6 3 8 9 3 8 4 9 4 ]
Pmin = [ 30 40 40 60 100 100 20 50 40 40 50 60 30 90 100 30 90 40 100 40 ]
Pmax = [ 30 40 40 60 100 100 20 50 40 40 50 60 30 90 100 30 90 40 100 40 ]
cf = [ 17.7336 23.8232 67.7318 12.9516 22.7672 54.3551 61.9215 49.6206 18.9498 8.12761 14.2264 40.3633 45.413 16.5897 17.9824 30.519 11.605 36.0234 22.0935 36.3618 ]
c0 = [ 96 123 108 164 250 250 74 151 108 129 137 158 96 233 250 104 224 132 250 116 ]
cp = [ 33.6485 35.4707 38.9869 20.3048 11.675 8.0589 41.851 27.2763 25.2753 37.5908 25.8447 24.6815 40.8207 14.2624 14.7062 29.7792 13.815 36.5646 16.0349 36.8394 ]
D = [ 50 85 567 1124 585 1109 792 3 1108 700 631 154 1007 589 263 145 304 116 923 522 136 1055 1131 837 ]
K = 21
nk = [ 0 1 2 3 4 5 6 7 8 9 10 11 12 13 14 15 16 17 18 19 ]
First = [ 0 0 0 0 0 0 0 0 0 0 0 0 0 0 0 0 0 0 0 0 ]
Last = [ 0 0 0 0 0 0 0 0 0 0 0 0 0 0 0 0 0 0 0 0 ]
nS = 7
S = [ 1 0 1 1 0 1 0 0 1 0 0 0 0 0 1 0 0 1 0 0 ]
