n = 20 ; 
T = 24 ; 
Init = [ 1 1 1 1 1 0 0 1 1 0 1 0 1 1 0 1 1 0 1 1 ]
L = [ 8 10 4 3 3 5 7 8 8 8 7 9 9 4 8 2 8 3 7 3 ]
l = [ 8 10 4 3 3 5 7 8 8 8 7 9 9 4 8 2 8 3 7 3 ]
Pmin = [ 90 100 40 20 30 50 80 90 90 90 70 100 100 40 90 20 100 30 70 30 ]
Pmax = [ 90 100 40 20 30 50 80 90 90 90 70 100 100 40 90 20 100 30 70 30 ]
cf = [ 67.0059 66.1593 21.0235 51.347 65.1022 64.2799 18.6045 62.5324 29.8035 55.5406 25.314 40.0215 40.4957 40.2472 36.002 8.0981 69.0976 34.9098 31.3018 39.5424 ]
c0 = [ 229 250 121 80 83 147 211 230 242 226 188 250 250 120 239 68 245 88 199 102 ]
cp = [ 14.3429 10.8259 29.2538 41.0309 40.6984 37.6251 14.2387 16.1034 10.9378 18.6292 29.8114 9.77565 16.1568 35.9458 17.4421 40.0665 12.1987 39.0065 24.2549 41.1958 ]
D = [ 828 830 15 630 94 1320 626 315 571 545 1293 508 464 259 114 361 138 359 203 619 54 590 1317 761 ]
K = 21
nk = [ 0 1 2 3 4 5 6 7 8 9 10 11 12 13 14 15 16 17 18 19 ]
First = [ 0 0 0 0 0 0 0 0 0 0 0 0 0 0 0 0 0 0 0 0 ]
Last = [ 0 0 0 0 0 0 0 0 0 0 0 0 0 0 0 0 0 0 0 0 ]
nS = 6
S = [ 1 0 1 0 0 1 0 0 1 0 1 0 0 0 0 0 1 0 0 0 ]
