n = 20 ; 
T = 24 ; 
Init = [ 0 1 0 1 0 1 0 0 0 0 0 1 0 1 0 1 0 0 1 0 ]
L = [ 4 9 5 9 4 7 8 8 2 7 2 3 4 4 9 9 6 6 8 7 ]
l = [ 4 9 5 9 4 7 8 8 2 7 2 3 4 4 9 9 6 6 8 7 ]
Pmin = [ 40 100 50 100 40 80 90 90 20 90 20 30 40 40 100 100 50 70 80 80 ]
Pmax = [ 40 100 50 100 40 80 90 90 20 90 20 30 40 40 100 100 50 70 80 80 ]
cf = [ 49.5239 20.6324 67.5912 13.4595 38.3428 27.5791 22.685 47.125 46.4371 30.2266 18.9455 63.4707 64.5608 43.5512 36.6002 26.0511 52.0139 33.0787 63.6024 26.247 ]
c0 = [ 113 250 148 250 124 194 250 250 66 222 68 97 124 122 250 248 156 168 222 195 ]
cp = [ 33.8894 12.7125 25.7345 12.2796 18.7078 20.4574 30.9052 15.7503 36.7748 10.5599 37.9592 40.7578 23.6994 35.7744 10.7066 10.4139 30.5328 29.0882 23.7298 19.6121 ]
D = [ 1061 369 1293 785 1046 342 846 796 384 629 968 1268 912 918 92 254 36 418 1088 856 901 27 720 788 ]
K = 21
nk = [ 0 1 2 3 4 5 6 7 8 9 10 11 12 13 14 15 16 17 18 19 ]
First = [ 0 0 0 0 0 0 0 0 0 0 0 0 0 0 0 0 0 0 0 0 ]
Last = [ 0 0 0 0 0 0 0 0 0 0 0 0 0 0 0 0 0 0 0 0 ]
nS = 5
S = [ 1 0 0 0 0 1 0 0 0 1 0 0 0 0 1 0 0 1 0 0 ]
