n = 20 ; 
T = 24 ; 
Init = [ 0 1 0 1 1 1 0 0 1 1 0 0 0 1 0 1 1 0 0 1 ]
L = [ 4 10 3 9 6 8 6 5 5 7 6 5 8 7 4 6 2 3 4 3 ]
l = [ 4 10 3 9 6 8 6 5 5 7 6 5 8 7 4 6 2 3 4 3 ]
Pmin = [ 40 100 30 100 60 90 60 50 50 70 70 50 80 70 40 70 20 30 50 40 ]
Pmax = [ 40 100 30 100 60 90 60 50 50 70 70 50 80 70 40 70 20 30 50 40 ]
cf = [ 50.287 59.4991 25.2585 59.2384 16.7689 58.3656 53.8121 28.4078 12.2475 50.7272 16.0908 56.6889 31.1565 69.7168 9.92523 54.5265 38.7738 31.9965 16.7887 51.8149 ]
c0 = [ 124 250 92 250 171 224 163 135 138 195 176 144 205 190 136 189 58 79 140 114 ]
cp = [ 24.1683 10.9756 36.9171 10.4256 33.7522 26.4298 31.7354 33.7992 28.2621 21.3221 28.8912 27.0059 15.5573 13.1879 30.4384 26.5176 33.2821 38.6848 32.5805 34.4833 ]
D = [ 246 315 370 435 484 578 601 704 726 821 846 945 990 902 801 734 667 597 698 801 921 741 565 413 ]
K = 21
nk = [ 0 1 2 3 4 5 6 7 8 9 10 11 12 13 14 15 16 17 18 19 ]
First = [ 0 0 0 0 0 0 0 0 0 0 0 0 0 0 0 0 0 0 0 0 ]
Last = [ 0 0 0 0 0 0 0 0 0 0 0 0 0 0 0 0 0 0 0 0 ]
nS = 4
S = [ 1 0 0 0 1 0 0 0 0 0 1 0 0 0 0 0 1 0 0 0 ]
