n = 20 ; 
T = 24 ; 
Init = [ 0 1 0 0 0 1 1 0 0 1 0 0 1 0 1 0 0 0 1 0 ]
L = [ 10 9 4 9 7 5 9 7 5 9 6 3 6 4 8 9 2 5 6 6 ]
l = [ 10 9 4 9 7 5 9 7 5 9 6 3 6 4 8 9 2 5 6 6 ]
Pmin = [ 100 100 40 100 70 60 100 70 50 100 60 40 70 40 80 90 20 60 70 70 ]
Pmax = [ 100 100 40 100 70 60 100 70 50 100 60 40 70 40 80 90 20 60 70 70 ]
cf = [ 23.4427 26.9951 35.9121 69.3726 50.6706 50.1626 10.0582 23.2879 51.7548 48.6635 57.1748 47.1463 56.9212 19.7974 65.7647 25.5719 31.2239 52.1146 61.8576 42.4979 ]
c0 = [ 250 250 113 245 193 152 250 192 140 249 165 109 185 118 216 244 56 162 179 193 ]
cp = [ 10.9349 10.248 30.1002 11.9081 26.0193 22.5711 13.0379 21.9942 31.5962 25.1012 22.6728 38.4563 21.1688 37.265 15.9501 14.3918 38.26 37.1498 19.8374 20.3419 ]
D = [ 282 367 464 512 612 675 763 866 937 999 1085 1156 1238 1147 999 889 806 704 840 960 1079 862 669 489 ]
K = 21
nk = [ 0 1 2 3 4 5 6 7 8 9 10 11 12 13 14 15 16 17 18 19 ]
First = [ 0 0 0 0 0 0 0 0 0 0 0 0 0 0 0 0 0 0 0 0 ]
Last = [ 0 0 0 0 0 0 0 0 0 0 0 0 0 0 0 0 0 0 0 0 ]
nS = 7
S = [ 1 0 1 0 0 1 0 0 1 0 0 1 0 0 1 0 0 1 0 0 ]
