n = 20 ; 
T = 24 ; 
Init = [ 1 1 1 0 0 0 0 1 0 0 1 1 0 0 0 1 1 0 0 1 ]
L = [ 9 6 9 5 4 7 3 9 9 3 7 4 8 8 2 5 4 8 4 7 ]
l = [ 9 6 9 5 4 7 3 9 9 3 7 4 8 8 2 5 4 8 4 7 ]
Pmin = [ 100 60 100 60 50 70 30 100 100 30 80 30 80 90 30 50 30 100 40 80 ]
Pmax = [ 100 60 100 60 50 70 30 100 100 30 80 30 80 90 30 50 30 100 40 80 ]
cf = [ 52.2547 51.2818 22.3391 65.6294 43.5278 10.5163 24.4499 49.9674 69.3315 45.9712 47.8737 19.0903 69.0504 49.6364 29.3404 51.59 49.165 42.9523 51.0428 47.688 ]
c0 = [ 250 152 250 149 136 191 76 250 250 91 207 98 210 227 79 140 105 250 119 204 ]
cp = [ 9.3815 25.1492 14.9687 21.3574 26.2862 28.1663 39.0954 10.5708 12.5381 41.3515 17.6163 38.2382 29.1907 9.5124 41.0506 31.9005 29.9608 11.1299 32.0656 30.8491 ]
D = [ 462 692 627 522 61 720 511 760 493 239 1053 124 1160 62 33 609 135 396 193 121 1207 1043 373 1187 ]
K = 21
nk = [ 0 1 2 3 4 5 6 7 8 9 10 11 12 13 14 15 16 17 18 19 ]
First = [ 0 0 0 0 0 0 0 0 0 0 0 0 0 0 0 0 0 0 0 0 ]
Last = [ 0 0 0 0 0 0 0 0 0 0 0 0 0 0 0 0 0 0 0 0 ]
nS = 5
S = [ 1 0 0 1 0 0 1 0 0 0 0 1 0 0 0 0 0 1 0 0 ]
