n = 20 ; 
T = 24 ; 
Init = [ 0 1 0 0 0 0 0 0 1 1 0 1 0 0 0 0 1 1 0 1 ]
L = [ 2 8 4 3 2 4 7 2 9 3 3 9 4 9 3 4 6 9 4 6 ]
l = [ 2 8 4 3 2 4 7 2 9 3 3 9 4 9 3 4 6 9 4 6 ]
Pmin = [ 20 80 50 20 20 40 80 30 100 30 30 100 40 100 30 40 60 100 40 60 ]
Pmax = [ 20 80 50 20 20 40 80 30 100 30 30 100 40 100 30 40 60 100 40 60 ]
cf = [ 9.50579 57.6125 31.2351 26.5885 10.8745 24.5194 64.6516 65.4287 54.6485 24.9317 32.6085 21.2523 20.4459 12.4427 58.4477 62.9758 48.1452 64.6648 52.198 50.5336 ]
c0 = [ 67 222 142 72 64 115 199 90 250 101 105 250 97 250 109 125 173 250 103 177 ]
cp = [ 41.7834 22.6083 27.2285 37.0593 41.8274 34.5198 26.3482 39.8362 14.8229 39.8217 38.4951 10.4672 26.7579 13.3981 38.5173 34.3969 28.8833 17.943 35.3181 24.2473 ]
D = [ 655 673 131 808 549 917 344 488 4 673 248 47 463 660 379 529 957 288 451 696 593 886 938 821 ]
K = 21
nk = [ 0 1 2 3 4 5 6 7 8 9 10 11 12 13 14 15 16 17 18 19 ]
First = [ 0 0 0 0 0 0 0 0 0 0 0 0 0 0 0 0 0 0 0 0 ]
Last = [ 0 0 0 0 0 0 0 0 0 0 0 0 0 0 0 0 0 0 0 0 ]
nS = 5
S = [ 1 0 0 0 0 1 0 0 0 0 0 1 0 0 1 0 0 0 1 0 ]
