n = 20 ; 
T = 24 ; 
Init = [ 0 0 0 1 1 0 0 1 1 1 0 1 0 0 1 0 1 1 1 1 ]
L = [ 6 5 2 5 8 2 8 4 5 7 4 6 3 4 2 8 5 7 9 3 ]
l = [ 6 5 2 5 8 2 8 4 5 7 4 6 3 4 2 8 5 7 9 3 ]
Pmin = [ 60 40 20 50 90 20 90 40 50 80 40 60 30 50 20 80 50 80 100 20 ]
Pmax = [ 60 40 20 50 90 20 90 40 50 80 40 60 30 50 20 80 50 80 100 20 ]
cf = [ 49.0744 20.5336 64.0111 40.7415 44.656 20.2182 65.5109 21.018 28.9554 14.9303 24.3518 7.51835 43.1588 35.6349 51.3358 48.5394 21.5228 44.8832 12.3716 61.3913 ]
c0 = [ 169 126 51 153 226 63 235 115 149 203 123 181 97 134 74 218 145 203 250 57 ]
cp = [ 25.6319 27.1742 41.961 32.8366 12.8431 41.3514 20.7761 31.8887 31.0748 15.5661 27.7152 17.5677 32.6537 32.0681 39.7627 20.4602 25.7764 18.5308 15.7626 40.0555 ]
D = [ 316 343 394 477 509 541 606 661 680 730 788 833 870 825 760 672 633 557 639 698 778 659 543 396 ]
K = 21
nk = [ 0 1 2 3 4 5 6 7 8 9 10 11 12 13 14 15 16 17 18 19 ]
First = [ 0 0 0 0 0 0 0 0 0 0 0 0 0 0 0 0 0 0 0 0 ]
Last = [ 0 0 0 0 0 0 0 0 0 0 0 0 0 0 0 0 0 0 0 0 ]
nS = 7
S = [ 1 0 1 1 0 0 1 0 1 0 0 0 1 0 0 0 0 1 0 0 ]
