n = 20 ; 
T = 24 ; 
Init = [ 0 1 0 1 0 1 1 0 0 0 1 0 0 0 0 1 1 0 1 1 ]
L = [ 8 7 2 4 5 3 4 9 3 8 5 7 3 9 2 8 7 3 6 3 ]
l = [ 8 7 2 4 5 3 4 9 3 8 5 7 3 9 2 8 7 3 6 3 ]
Pmin = [ 90 70 20 30 50 30 30 100 30 80 50 70 20 100 20 90 70 20 60 40 ]
Pmax = [ 90 70 20 30 50 30 30 100 30 80 50 70 20 100 20 90 70 20 60 40 ]
cf = [ 41.0869 31.1944 18.5546 59.342 40.3145 19.4013 52.7401 60.8978 34.7102 21.1066 46.2231 14.195 40.097 38.9673 7.02607 51.511 53.0541 12.9538 65.3943 16.0545 ]
c0 = [ 230 185 66 111 124 76 86 250 79 201 141 198 79 250 58 238 170 65 177 110 ]
cp = [ 11.0392 13.4241 40.159 30.9823 26.4782 34.9944 29.521 11.9735 37.0223 20.9363 31.135 24.5531 37.5273 12.997 39.9794 21.3839 17.217 37.0221 22.0567 35.6282 ]
D = [ 209 137 803 823 448 104 432 513 664 34 714 173 445 910 1062 1010 51 769 856 522 1008 452 644 501 ]
K = 21
nk = [ 0 1 2 3 4 5 6 7 8 9 10 11 12 13 14 15 16 17 18 19 ]
First = [ 0 0 0 0 0 0 0 0 0 0 0 0 0 0 0 0 0 0 0 0 ]
Last = [ 0 0 0 0 0 0 0 0 0 0 0 0 0 0 0 0 0 0 0 0 ]
nS = 7
S = [ 1 0 0 0 0 1 1 0 1 0 1 0 1 0 0 0 0 0 1 0 ]
