n = 20 ; 
T = 24 ; 
Init = [ 0 0 1 0 0 1 1 1 0 0 1 0 0 1 0 0 0 1 1 0 ]
L = [ 7 9 6 5 6 6 9 8 5 7 8 9 7 6 7 6 6 8 2 4 ]
l = [ 7 9 6 5 6 6 9 8 5 7 8 9 7 6 7 6 6 8 2 4 ]
Pmin = [ 80 100 60 50 60 60 90 90 50 80 90 90 80 60 70 60 60 90 20 30 ]
Pmax = [ 80 100 60 50 60 60 90 90 50 80 90 90 80 60 70 60 60 90 20 30 ]
cf = [ 40.8207 47.74 42.2891 29.5174 34.9622 63.625 69.0527 46.6622 53.7826 50.1245 50.4253 29.4821 47.4687 22.2096 54.564 57.6897 19.2137 20.0442 62.1142 35.2626 ]
c0 = [ 204 250 176 143 164 171 245 223 127 207 221 250 206 163 191 163 159 229 81 90 ]
cp = [ 15.6578 13.6135 17.5519 28.382 25.7538 22.3618 12.997 11.7339 21.6895 25.1447 23.4745 15.4577 18.3447 25.4733 15.4624 24.7312 27.8949 20.5704 35.831 31.2061 ]
D = [ 1368 294 586 67 816 1308 287 857 172 1278 1069 908 794 466 28 32 328 7 894 1345 945 468 464 455 ]
K = 21
nk = [ 0 1 2 3 4 5 6 7 8 9 10 11 12 13 14 15 16 17 18 19 ]
First = [ 0 0 0 0 0 0 0 0 0 0 0 0 0 0 0 0 0 0 0 0 ]
Last = [ 0 0 0 0 0 0 0 0 0 0 0 0 0 0 0 0 0 0 0 0 ]
nS = 7
S = [ 1 0 0 0 1 0 0 1 0 1 1 0 0 0 0 0 1 0 1 0 ]
