n = 20 ; 
T = 24 ; 
Init = [ 1 0 0 0 0 1 0 0 0 0 1 0 1 1 1 0 0 0 1 1 ]
L = [ 7 4 4 5 6 4 9 8 4 6 9 7 7 8 7 2 5 6 9 4 ]
l = [ 7 4 4 5 6 4 9 8 4 6 9 7 7 8 7 2 5 6 9 4 ]
Pmin = [ 70 30 30 50 70 40 90 80 40 60 100 70 80 80 70 20 50 70 100 40 ]
Pmax = [ 70 30 30 50 70 40 90 80 40 60 100 70 80 80 70 20 50 70 100 40 ]
cf = [ 28.2427 52.2078 46.2892 19.8183 18.2531 25.8438 58.9087 67.1677 18.1203 58.0844 30.3421 11.7252 32.5463 41.0312 60.4237 30.8933 18.3422 9.93121 38.3758 67.8374 ]
c0 = [ 196 105 86 152 197 113 236 212 127 160 250 188 202 209 204 72 134 189 250 127 ]
cp = [ 26.1856 35.6227 26.4626 37.425 26.7096 32.7597 11.7276 12.4991 30.5011 25.6625 17.2201 20.3974 22.5821 22.1981 23.3924 40.3525 32.2474 20.1423 11.1226 32.6525 ]
D = [ 338 380 455 518 589 620 674 763 840 872 961 994 1052 993 882 818 687 612 717 844 937 785 620 423 ]
K = 21
nk = [ 0 1 2 3 4 5 6 7 8 9 10 11 12 13 14 15 16 17 18 19 ]
First = [ 0 0 0 0 0 0 0 0 0 0 0 0 0 0 0 0 0 0 0 0 ]
Last = [ 0 0 0 0 0 0 0 0 0 0 0 0 0 0 0 0 0 0 0 0 ]
nS = 5
S = [ 1 1 0 0 0 1 0 0 0 0 0 1 0 0 0 1 0 0 0 0 ]
