n = 20 ; 
T = 24 ; 
Init = [ 0 1 0 1 1 0 1 1 1 0 1 0 0 0 1 0 0 1 0 0 ]
L = [ 3 6 7 6 8 3 7 9 5 3 5 5 3 5 9 6 4 3 9 7 ]
l = [ 3 6 7 6 8 3 7 9 5 3 5 5 3 5 9 6 4 3 9 7 ]
Pmin = [ 20 50 70 70 80 30 80 100 40 30 50 50 30 50 100 60 40 20 90 80 ]
Pmax = [ 20 50 70 70 80 30 80 100 40 30 50 50 30 50 100 60 40 20 90 80 ]
cf = [ 56.8434 53.4841 52.5475 67.6611 24.3204 55.272 17.9426 49.3408 26.1135 46.1463 47.3638 40.6997 48.2415 8.30878 48.5826 69.9162 29.5682 24.9359 38.1291 58.8694 ]
c0 = [ 59 139 180 177 205 89 204 250 124 87 145 146 83 145 250 159 103 80 240 212 ]
cp = [ 38.897 21.1461 33.1296 21.0193 17.9309 30.748 22.7049 11.8431 28.2395 35.8484 29.8786 24.0823 39.036 34.1507 14.2003 17.7083 38.5986 33.0163 13.5491 12.0586 ]
D = [ 294 339 394 468 530 591 638 698 758 816 890 972 1004 912 835 783 692 610 696 799 879 735 563 439 ]
K = 21
nk = [ 0 1 2 3 4 5 6 7 8 9 10 11 12 13 14 15 16 17 18 19 ]
First = [ 0 0 0 0 0 0 0 0 0 0 0 0 0 0 0 0 0 0 0 0 ]
Last = [ 0 0 0 0 0 0 0 0 0 0 0 0 0 0 0 0 0 0 0 0 ]
nS = 6
S = [ 1 0 1 0 0 0 1 0 0 1 0 1 0 0 0 0 0 1 0 0 ]
