n = 20 ; 
T = 24 ; 
Init = [ 1 1 0 1 0 0 0 1 0 1 1 1 0 0 1 1 1 0 0 1 ]
L = [ 9 9 5 3 7 6 5 4 4 8 8 4 8 4 7 9 7 2 8 10 ]
l = [ 9 9 5 3 7 6 5 4 4 8 8 4 8 4 7 9 7 2 8 10 ]
Pmin = [ 100 100 50 30 80 80 50 30 40 90 90 40 90 40 70 100 90 10 90 100 ]
Pmax = [ 100 100 50 30 80 80 50 30 40 90 90 40 90 40 70 100 90 10 90 100 ]
cf = [ 50.1257 42.9023 43.5917 31.3495 41.1492 24.3494 10.5202 38.1143 28.1534 55.844 47.2947 37.6807 14.4003 68.0274 10.2136 46.5177 26.1173 22.5053 68.126 63.3435 ]
c0 = [ 250 247 125 82 215 198 127 91 119 235 234 111 240 109 172 250 226 60 236 250 ]
cp = [ 29.6716 13.6596 31.1898 38.3431 18.1676 29.6999 31.4734 36.7242 35.3209 12.9338 15.2536 33.9788 13.2566 27.019 21.2604 17.2823 18.0542 41.588 20.2876 8.32629 ]
D = [ 321 435 494 560 630 700 741 806 876 961 1034 1090 1163 1056 954 902 788 732 846 909 1043 843 653 493 ]
K = 21
nk = [ 0 1 2 3 4 5 6 7 8 9 10 11 12 13 14 15 16 17 18 19 ]
First = [ 0 0 0 0 0 0 0 0 0 0 0 0 0 0 0 0 0 0 0 0 ]
Last = [ 0 0 0 0 0 0 0 0 0 0 0 0 0 0 0 0 0 0 0 0 ]
nS = 8
S = [ 1 0 0 1 1 0 1 0 0 0 1 1 0 0 1 0 0 0 0 1 ]
