n = 20 ; 
T = 24 ; 
Init = [ 0 1 1 1 1 0 1 1 1 1 1 1 1 1 1 1 1 0 0 0 ]
L = [ 4 5 4 3 4 2 3 8 6 5 7 6 8 5 5 4 4 6 9 8 ]
l = [ 4 5 4 3 4 2 3 8 6 5 7 6 8 5 5 4 4 6 9 8 ]
Pmin = [ 30 50 40 20 40 20 20 90 50 60 70 60 80 40 50 40 40 70 90 90 ]
Pmax = [ 30 50 40 20 40 20 20 90 50 60 70 60 80 40 50 40 40 70 90 90 ]
cf = [ 37.4138 25.3563 69.2763 55.2972 31.8466 52.1829 54.0286 48.1739 48.9097 18.0113 9.8738 37.2498 48.4139 64.9279 42.9018 21.1644 32.2035 65.2789 50.8943 62.2729 ]
c0 = [ 102 145 122 70 124 61 75 234 147 168 174 172 203 120 138 126 122 197 230 224 ]
cp = [ 38.0979 24.1323 37.2811 36.8705 29.46 41.972 39.9689 23.6388 30.5351 23.9353 16.1537 35.1621 19.4584 32.7098 29.8138 22.0633 21.6902 15.983 11.5609 19.9202 ]
D = [ 296 347 369 436 491 532 557 604 675 732 763 806 864 771 694 654 555 496 602 696 803 691 546 429 ]
K = 21
nk = [ 0 1 2 3 4 5 6 7 8 9 10 11 12 13 14 15 16 17 18 19 ]
First = [ 0 0 0 0 0 0 0 0 0 0 0 0 0 0 0 0 0 0 0 0 ]
Last = [ 0 0 0 0 0 0 0 0 0 0 0 0 0 0 0 0 0 0 0 0 ]
nS = 6
S = [ 1 0 1 0 1 0 0 0 1 0 0 0 0 1 0 0 0 0 0 1 ]
