n = 20 ; 
T = 48 ; 
Init = [ 1 1 1 0 1 0 1 0 1 1 1 1 0 1 0 0 0 1 0 0 ]
L = [ 9 3 9 7 8 5 5 6 5 4 9 9 5 3 3 9 3 9 7 7 ]
l = [ 9 3 9 7 8 5 5 6 5 4 9 9 5 3 3 9 3 9 7 7 ]
Pmin = [ 100 30 100 70 90 50 40 60 60 50 100 100 50 30 30 100 30 100 80 80 ]
Pmax = [ 100 30 100 70 90 50 40 60 60 50 100 100 50 30 30 100 30 100 80 80 ]
cf = [ 17.3085 53.8942 60.8949 25.1955 19.4626 21.4476 15.2667 61.4138 64.7415 64.5807 67.5284 41.9872 31.2033 18.4046 13.2027 20.4616 56.8096 67.8588 28.6687 19.6519 ]
c0 = [ 250 95 247 190 250 133 135 160 151 122 250 250 134 79 94 250 104 250 217 204 ]
cp = [ 21.3904 33.1594 11.0919 19.8821 11.2245 29.6811 33.8584 27.6687 29.9501 31.5194 15.0958 11.7276 35.7436 39.5966 28.7784 10.1149 35.7667 16.421 26.0512 15.7898 ]
D = [ 290 353 394 496 550 639 718 749 844 893 973 1070 1114 1024 969 858 771 694 799 873 964 845 666 536 414 446 496 565 621 703 754 774 864 930 973 1041 1062 989 888 816 718 643 761 863 999 827 656 485 ]
K = 21
nk = [ 0 1 2 3 4 5 6 7 8 9 10 11 12 13 14 15 16 17 18 19 ]
First = [ 0 0 0 0 0 0 0 0 0 0 0 0 0 0 0 0 0 0 0 0 ]
Last = [ 0 0 0 0 0 0 0 0 0 0 0 0 0 0 0 0 0 0 0 0 ]
nS = 5
S = [ 1 0 0 0 0 1 0 0 0 1 0 0 0 0 1 0 0 1 0 0 ]
