n = 20 ; 
T = 48 ; 
Init = [ 1 1 1 0 1 1 0 0 0 1 0 0 0 1 1 0 0 1 1 1 ]
L = [ 9 4 3 3 6 3 10 9 7 5 7 4 3 2 9 7 9 4 8 8 ]
l = [ 9 4 3 3 6 3 10 9 7 5 7 4 3 2 9 7 9 4 8 8 ]
Pmin = [ 100 40 30 30 70 40 100 100 70 50 80 30 30 20 90 70 90 50 90 90 ]
Pmax = [ 100 40 30 30 70 40 100 100 70 50 80 30 30 20 90 70 90 50 90 90 ]
cf = [ 9.47067 66.0113 33.3675 50.3473 47.2753 41.789 62.9451 19.1753 35.1504 40.7347 32.729 34.0434 15.9552 15.2031 47.2609 33.442 23.5485 31.9778 65.8104 15.5096 ]
c0 = [ 250 108 89 96 179 97 250 250 200 147 215 104 74 71 227 186 249 144 227 221 ]
cp = [ 10.5396 28.886 35.7272 37.4273 16.669 34.6444 8.4951 11.7706 23.9134 18.8716 22.5945 37.0379 32.3473 41.7896 17.426 33.2646 13.1359 36.2133 23.1576 19.7393 ]
D = [ 374 410 476 541 621 684 736 812 848 914 987 1069 1102 1026 906 829 746 627 753 837 961 806 661 522 349 404 471 546 603 670 711 766 821 872 950 1007 1066 964 893 829 706 608 749 845 943 793 639 478 ]
K = 21
nk = [ 0 1 2 3 4 5 6 7 8 9 10 11 12 13 14 15 16 17 18 19 ]
First = [ 0 0 0 0 0 0 0 0 0 0 0 0 0 0 0 0 0 0 0 0 ]
Last = [ 0 0 0 0 0 0 0 0 0 0 0 0 0 0 0 0 0 0 0 0 ]
nS = 7
S = [ 1 0 0 0 0 1 1 0 0 1 0 0 1 0 0 0 1 0 1 0 ]
