n = 20 ; 
T = 48 ; 
Init = [ 1 0 0 1 0 0 0 1 0 1 0 1 0 1 0 0 1 1 1 1 ]
L = [ 7 2 8 7 3 5 4 5 3 9 6 3 5 4 7 6 6 7 9 3 ]
l = [ 7 2 8 7 3 5 4 5 3 9 6 3 5 4 7 6 6 7 9 3 ]
Pmin = [ 80 20 90 80 30 50 40 50 20 100 70 20 60 40 80 70 70 70 100 20 ]
Pmax = [ 80 20 90 80 30 50 40 50 20 100 70 20 60 40 80 70 70 70 100 20 ]
cf = [ 60.5586 28.4088 22.2776 49.6328 37.4051 54.0789 43.8705 62.2506 15.5383 65.023 28.1765 30.0378 22.947 62.3622 19.9505 64.4877 39.5184 32.1864 36.7073 37.7061 ]
c0 = [ 197 62 228 216 97 146 110 149 81 250 197 68 148 116 204 190 190 177 244 85 ]
cp = [ 30.9296 40.9165 24.1398 15.6998 35.625 30.3261 38.0501 21.9326 39.8709 13.8808 25.4477 40.987 25.2537 38.0775 18.0694 22.7537 22.6456 18.7282 14.8091 41.2212 ]
D = [ 334 403 448 488 512 600 634 681 718 772 856 906 952 878 814 725 624 562 681 777 850 711 542 412 259 325 370 446 507 541 637 688 752 797 881 947 980 921 840 777 683 587 690 754 830 699 553 452 ]
K = 21
nk = [ 0 1 2 3 4 5 6 7 8 9 10 11 12 13 14 15 16 17 18 19 ]
First = [ 0 0 0 0 0 0 0 0 0 0 0 0 0 0 0 0 0 0 0 0 ]
Last = [ 0 0 0 0 0 0 0 0 0 0 0 0 0 0 0 0 0 0 0 0 ]
nS = 7
S = [ 1 0 1 0 1 0 1 0 0 0 0 0 1 1 0 0 0 0 0 1 ]
