n = 20 ; 
T = 48 ; 
Init = [ 0 1 0 0 0 1 1 0 1 0 1 1 1 1 1 0 0 0 0 1 ]
L = [ 2 8 4 7 6 2 6 5 7 6 7 2 6 4 7 9 8 5 8 3 ]
l = [ 2 8 4 7 6 2 6 5 7 6 7 2 6 4 7 9 8 5 8 3 ]
Pmin = [ 20 90 30 80 60 20 60 50 80 70 80 20 60 40 70 100 80 40 90 30 ]
Pmax = [ 20 90 30 80 60 20 60 50 80 70 80 20 60 40 70 100 80 40 90 30 ]
cf = [ 24.9815 35.2171 55.3879 49.6154 32.5392 57.413 27.3201 42.7972 9.33071 41.8009 39.5911 35.5454 46.1758 68.2502 38.8919 56.0594 20.6393 57.6311 31.4995 58.5685 ]
c0 = [ 56 217 103 201 148 69 169 149 216 188 198 72 163 130 201 250 216 127 243 94 ]
cp = [ 38.6344 26.4183 32.5291 20.1869 21.6633 40.5987 15.9263 24.2727 15.052 23.4992 18.1304 39.7979 21.9179 30.9431 21.486 11.4087 27.5093 26.739 18.3132 37.1202 ]
D = [ 306 369 449 468 548 603 663 751 774 830 905 994 1028 967 884 794 685 599 693 777 892 718 588 449 280 371 406 478 542 581 626 684 770 795 862 943 983 892 806 733 645 556 705 815 929 745 599 451 ]
K = 21
nk = [ 0 1 2 3 4 5 6 7 8 9 10 11 12 13 14 15 16 17 18 19 ]
First = [ 0 0 0 0 0 0 0 0 0 0 0 0 0 0 0 0 0 0 0 0 ]
Last = [ 0 0 0 0 0 0 0 0 0 0 0 0 0 0 0 0 0 0 0 0 ]
nS = 5
S = [ 1 0 0 0 0 1 0 1 0 0 0 1 0 0 0 0 1 0 0 0 ]
