n = 20 ; 
T = 48 ; 
Init = [ 0 1 0 0 0 1 0 0 1 1 0 1 0 1 0 0 0 1 0 0 ]
L = [ 5 8 5 3 4 9 7 5 7 9 3 6 7 4 9 3 8 6 9 2 ]
l = [ 5 8 5 3 4 9 7 5 7 9 3 6 7 4 9 3 8 6 9 2 ]
Pmin = [ 50 90 50 30 40 100 70 50 80 100 30 70 70 40 100 40 90 60 90 20 ]
Pmax = [ 50 90 50 30 40 100 70 50 80 100 30 70 70 40 100 40 90 60 90 20 ]
cf = [ 42.6716 17.4257 43.1848 18.3051 56.6184 31.1525 16.3801 55.9008 13.8108 19.287 60.7801 52.8392 39.9257 60.1271 52.5629 63.0067 31.5673 40.4022 53.658 61.306 ]
c0 = [ 138 229 163 101 117 250 206 159 205 250 86 199 199 121 249 104 226 172 233 57 ]
cp = [ 23.3306 14.0114 25.0619 31.2197 28.3694 16.5966 24.8965 25.1768 19.7452 12.0947 34.0373 20.9965 16.4685 36.8975 10.6222 37.7785 31.1856 25.337 17.6073 38.8077 ]
D = [ 229 602 903 200 1125 1220 487 97 434 512 233 1153 722 963 111 452 179 300 168 317 548 1252 1241 1212 1053 889 1071 278 293 741 103 522 73 1006 722 1198 956 1209 25 121 450 258 4 1172 1220 116 354 130 ]
K = 21
nk = [ 0 1 2 3 4 5 6 7 8 9 10 11 12 13 14 15 16 17 18 19 ]
First = [ 0 0 0 0 0 0 0 0 0 0 0 0 0 0 0 0 0 0 0 0 ]
Last = [ 0 0 0 0 0 0 0 0 0 0 0 0 0 0 0 0 0 0 0 0 ]
nS = 5
S = [ 1 0 0 0 0 1 0 0 0 0 1 0 0 1 0 0 0 0 1 0 ]
