n = 20 ; 
T = 48 ; 
Init = [ 0 1 0 1 0 1 1 0 1 1 1 0 0 1 1 0 0 0 0 1 ]
L = [ 5 9 6 4 7 6 4 4 9 9 5 3 3 9 5 3 5 9 9 3 ]
l = [ 5 9 6 4 7 6 4 4 9 9 5 3 3 9 5 3 5 9 9 3 ]
Pmin = [ 50 100 60 40 70 70 30 40 100 100 50 30 30 90 50 30 60 100 100 30 ]
Pmax = [ 50 100 60 40 70 70 30 40 100 100 50 30 30 90 50 30 60 100 100 30 ]
cf = [ 17.4829 51.3059 31.8043 14.7136 16.2377 33.6162 23.2769 60.8205 37.6054 53.2936 14.6425 66.1791 25.6039 67.2897 47.95 16.0571 35.3013 20.8102 60.8257 44.2145 ]
c0 = [ 136 250 183 125 204 182 99 119 250 250 133 83 75 233 147 102 156 250 250 99 ]
cp = [ 25.4972 9.87437 24.507 28.9213 15.0049 23.8954 28.2315 30.6078 11.396 12.7636 38.2839 40.6508 35.6391 14.7224 22.4308 33.1756 16.4388 28.6269 14.8116 37.6593 ]
D = [ 880 56 1128 925 181 545 869 202 192 530 141 397 165 626 547 346 1145 865 167 513 539 316 438 902 263 8 1079 815 277 900 312 1157 956 210 852 1136 755 491 109 947 1022 250 113 1187 876 661 303 791 ]
K = 21
nk = [ 0 1 2 3 4 5 6 7 8 9 10 11 12 13 14 15 16 17 18 19 ]
First = [ 0 0 0 0 0 0 0 0 0 0 0 0 0 0 0 0 0 0 0 0 ]
Last = [ 0 0 0 0 0 0 0 0 0 0 0 0 0 0 0 0 0 0 0 0 ]
nS = 6
S = [ 1 0 0 1 0 0 0 1 0 1 0 0 0 1 0 0 0 0 1 0 ]
