n = 20 ; 
T = 48 ; 
Init = [ 0 1 1 1 0 1 0 0 0 1 0 1 0 0 1 0 1 1 1 1 ]
L = [ 2 9 4 9 6 3 8 10 3 9 10 5 6 9 3 3 3 9 10 7 ]
l = [ 2 9 4 9 6 3 8 10 3 9 10 5 6 9 3 3 3 9 10 7 ]
Pmin = [ 20 100 30 100 60 20 80 100 20 100 100 50 60 100 30 30 20 100 100 70 ]
Pmax = [ 20 100 30 100 60 20 80 100 20 100 100 50 60 100 30 30 20 100 100 70 ]
cf = [ 10.0644 44.2868 64.7139 25.0505 49.1247 50.3464 7.88583 59.6674 58.9061 23.6444 26.1303 23.4614 36.8579 60.1895 18.7795 51.2966 29.9549 33.204 39.4629 51.0037 ]
c0 = [ 68 250 105 250 153 79 201 250 71 250 250 137 174 239 97 92 71 250 250 193 ]
cp = [ 40.0579 19.3992 32.1122 11.2839 27.2772 36.814 22.6826 10.4166 39.3629 10.7827 10.0159 37.8677 20.4837 12.1081 36.1851 38.7969 38.5226 20.8644 10.6744 27.9963 ]
D = [ 382 447 496 531 604 646 708 758 816 897 967 1026 1072 989 903 828 746 658 735 866 938 777 626 487 335 390 449 537 583 669 721 802 892 936 1016 1078 1134 1049 986 879 795 691 779 883 940 795 607 456 ]
K = 21
nk = [ 0 1 2 3 4 5 6 7 8 9 10 11 12 13 14 15 16 17 18 19 ]
First = [ 0 0 0 0 0 0 0 0 0 0 0 0 0 0 0 0 0 0 0 0 ]
Last = [ 0 0 0 0 0 0 0 0 0 0 0 0 0 0 0 0 0 0 0 0 ]
nS = 8
S = [ 1 0 1 0 1 0 1 0 0 1 1 0 0 0 0 0 1 0 1 0 ]
