n = 20 ; 
T = 48 ; 
Init = [ 1 1 1 0 1 0 1 0 0 1 1 0 0 1 1 0 0 1 0 1 ]
L = [ 6 6 6 8 3 2 5 4 9 6 7 8 10 2 8 4 2 9 8 5 ]
l = [ 6 6 6 8 3 2 5 4 9 6 7 8 10 2 8 4 2 9 8 5 ]
Pmin = [ 70 70 60 80 40 20 60 30 90 60 80 80 100 20 80 30 10 100 90 50 ]
Pmax = [ 70 70 60 80 40 20 60 30 90 60 80 80 100 20 80 30 10 100 90 50 ]
cf = [ 67.0712 21.1474 55.356 26.7438 27.6323 11.4279 33.1815 43.8757 61.1086 69.5706 13.2605 67.583 32.5184 59.9656 66.5985 43.4136 68.1017 65.6987 54.6579 52.9569 ]
c0 = [ 169 179 173 231 98 50 167 93 247 152 218 218 250 80 223 90 54 250 230 145 ]
cp = [ 33.1927 16.6608 23.9532 14.3359 34.8741 40.9044 32.2847 32.7378 15.7676 24.5615 18.6579 18.0392 10.8094 35.6144 20.7914 16.025 41.6351 12.8443 15.2991 23.2855 ]
D = [ 306 337 391 460 535 597 635 675 763 827 868 943 976 931 828 725 636 575 706 852 961 775 640 448 301 364 435 472 530 610 663 773 832 866 956 1020 1084 981 907 800 727 632 731 842 959 800 665 492 ]
K = 21
nk = [ 0 1 2 3 4 5 6 7 8 9 10 11 12 13 14 15 16 17 18 19 ]
First = [ 0 0 0 0 0 0 0 0 0 0 0 0 0 0 0 0 0 0 0 0 ]
Last = [ 0 0 0 0 0 0 0 0 0 0 0 0 0 0 0 0 0 0 0 0 ]
nS = 5
S = [ 1 0 0 0 0 0 1 0 0 0 1 0 0 0 0 1 0 0 1 0 ]
