n = 20 ; 
T = 48 ; 
Init = [ 0 0 0 0 1 0 1 0 1 0 1 1 1 1 0 1 1 0 1 0 ]
L = [ 4 6 3 7 3 10 7 7 6 8 7 9 2 4 2 3 6 3 3 3 ]
l = [ 4 6 3 7 3 10 7 7 6 8 7 9 2 4 2 3 6 3 3 3 ]
Pmin = [ 40 60 30 80 30 100 80 70 60 80 70 100 30 40 20 30 70 30 30 30 ]
Pmax = [ 40 60 30 80 30 100 80 70 60 80 70 100 30 40 20 30 70 30 30 30 ]
cf = [ 25.8902 53.4176 12.2512 15.3124 61.129 61.639 65.9677 55.9554 40.2722 29.8062 64.1635 24.3012 13.0863 25.2438 56.5727 27.7848 64.3738 37.0359 38.5587 15.3169 ]
c0 = [ 117 177 95 222 85 250 215 192 169 212 202 250 90 121 65 83 192 90 88 93 ]
cp = [ 31.5098 25.165 33.6105 21.2403 36.6228 10.0068 21.544 31.6986 19.7024 14.0459 16.2134 19.8939 38.6725 30.4241 39.4173 38.6713 28.2679 38.6681 32.9137 34.4773 ]
D = [ 82 490 505 1062 1069 747 353 696 1052 625 988 296 341 1078 438 189 934 369 1028 425 760 928 721 865 161 491 141 64 1006 682 207 8 92 712 1071 80 379 344 777 351 969 684 647 229 682 5 418 536 ]
K = 21
nk = [ 0 1 2 3 4 5 6 7 8 9 10 11 12 13 14 15 16 17 18 19 ]
First = [ 0 0 0 0 0 0 0 0 0 0 0 0 0 0 0 0 0 0 0 0 ]
Last = [ 0 0 0 0 0 0 0 0 0 0 0 0 0 0 0 0 0 0 0 0 ]
nS = 6
S = [ 1 0 1 1 0 0 0 0 1 0 0 0 0 0 1 0 1 0 0 0 ]
