n = 20 ; 
T = 48 ; 
Init = [ 1 1 1 0 0 0 0 1 1 1 1 0 0 1 1 0 1 0 1 1 ]
L = [ 3 3 3 2 2 3 4 2 7 6 7 7 7 5 8 9 7 7 9 4 ]
l = [ 3 3 3 2 2 3 4 2 7 6 7 7 7 5 8 9 7 7 9 4 ]
Pmin = [ 40 30 40 20 20 30 40 20 80 60 80 70 70 50 100 90 80 70 100 40 ]
Pmax = [ 40 30 40 20 20 30 40 20 80 60 80 70 70 50 100 90 80 70 100 40 ]
cf = [ 42.0157 30.7244 14.1736 66.3418 45.8931 13.4905 18.5579 60.5043 14.5815 42.8043 8.77328 31.8697 60.9099 21.6305 58.6964 56.8438 23.6187 14.4454 52.7026 14.825 ]
c0 = [ 108 81 102 73 90 74 106 72 228 170 204 189 193 159 250 245 199 201 246 108 ]
cp = [ 38.296 35.8237 38.7246 38.2621 39.6506 40.5773 30.6736 34.8483 28.5265 25.8037 30.2894 22.4856 19.6817 38.7294 14.7285 12.341 21.6852 15.9161 13.1823 39.039 ]
D = [ 269 349 402 425 518 554 619 660 728 786 857 902 964 892 821 729 678 578 678 769 866 716 580 422 309 345 399 478 511 576 647 704 733 788 857 932 957 874 814 743 662 582 683 770 888 759 579 429 ]
K = 21
nk = [ 0 1 2 3 4 5 6 7 8 9 10 11 12 13 14 15 16 17 18 19 ]
First = [ 0 0 0 0 0 0 0 0 0 0 0 0 0 0 0 0 0 0 0 0 ]
Last = [ 0 0 0 0 0 0 0 0 0 0 0 0 0 0 0 0 0 0 0 0 ]
nS = 5
S = [ 1 0 0 0 1 0 0 0 1 0 0 0 0 0 1 0 0 1 0 0 ]
