n = 20 ; 
T = 48 ; 
Init = [ 0 1 0 1 1 1 1 1 0 1 0 1 1 1 0 1 0 0 0 1 ]
L = [ 5 8 6 3 5 3 5 5 6 8 7 6 6 8 5 5 8 9 4 9 ]
l = [ 5 8 6 3 5 3 5 5 6 8 7 6 6 8 5 5 8 9 4 9 ]
Pmin = [ 50 80 70 20 40 20 50 50 70 80 70 60 60 90 60 50 80 90 50 100 ]
Pmax = [ 50 80 70 20 40 20 50 50 70 80 70 60 60 90 60 50 80 90 50 100 ]
cf = [ 20.1994 48.1247 45.9156 55.3936 37.4695 67.3661 29.9223 41.4228 18.5349 7.62702 31.7544 63.9098 19.4548 60.7047 15.4186 14.01 26.2282 54.803 34.9979 15.4994 ]
c0 = [ 146 203 183 71 132 70 146 127 202 221 176 165 171 231 164 123 227 237 132 250 ]
cp = [ 26.5691 25.652 22.3018 39.6552 39.2506 36.1298 27.7088 27.6223 11.4002 13.256 26.4502 19.3446 25.7258 12.8843 27.9699 27.9749 18.3296 14.4339 19.4844 14.7288 ]
D = [ 375 659 124 260 73 839 351 998 886 736 324 1145 306 1090 858 905 1038 69 343 25 81 830 1145 327 647 71 465 1026 1012 1016 1193 146 435 77 406 508 916 758 266 561 254 590 467 560 439 85 225 237 ]
K = 21
nk = [ 0 1 2 3 4 5 6 7 8 9 10 11 12 13 14 15 16 17 18 19 ]
First = [ 0 0 0 0 0 0 0 0 0 0 0 0 0 0 0 0 0 0 0 0 ]
Last = [ 0 0 0 0 0 0 0 0 0 0 0 0 0 0 0 0 0 0 0 0 ]
nS = 6
S = [ 1 0 1 0 0 0 1 0 0 0 1 0 1 0 0 0 0 0 1 0 ]
