n = 20 ; 
T = 48 ; 
Init = [ 1 0 1 0 1 0 1 1 1 1 0 1 0 0 0 0 0 1 1 1 ]
L = [ 5 9 2 7 5 3 9 8 8 8 5 4 6 5 3 5 7 3 4 7 ]
l = [ 5 9 2 7 5 3 9 8 8 8 5 4 6 5 3 5 7 3 4 7 ]
Pmin = [ 50 90 20 70 50 20 100 90 90 90 60 30 60 40 30 50 70 30 40 80 ]
Pmax = [ 50 90 20 70 50 20 100 90 90 90 60 30 60 40 30 50 70 30 40 80 ]
cf = [ 14.301 60.4605 61.0322 49.5889 69.2757 44.2833 28.7276 46.8825 63.8769 67.2849 32.8989 23.0176 38.4428 45.2102 64.3448 26.0551 61.6222 29.3435 14.6199 20.3576 ]
c0 = [ 130 240 65 200 155 74 250 234 235 231 146 87 170 123 88 149 195 91 117 208 ]
cp = [ 31.9467 10.9497 41.9847 20.1423 26.3894 34.6544 17.2132 20.9513 14.0557 21.7731 27.8039 30.5197 26.0531 24.2368 31.5546 30.203 18.0041 34.0026 33.4256 16.5045 ]
D = [ 1051 279 303 797 1044 824 122 773 316 643 378 451 467 213 75 454 900 475 28 787 425 505 1082 1004 49 978 195 1055 229 335 140 120 614 443 917 497 107 1039 110 423 522 488 873 989 701 948 283 441 ]
K = 21
nk = [ 0 1 2 3 4 5 6 7 8 9 10 11 12 13 14 15 16 17 18 19 ]
First = [ 0 0 0 0 0 0 0 0 0 0 0 0 0 0 0 0 0 0 0 0 ]
Last = [ 0 0 0 0 0 0 0 0 0 0 0 0 0 0 0 0 0 0 0 0 ]
nS = 6
S = [ 1 0 0 0 0 0 1 0 1 1 0 0 0 1 0 0 1 0 0 0 ]
