n = 20 ; 
T = 48 ; 
Init = [ 0 1 1 0 0 1 1 0 1 1 1 0 0 1 0 1 1 0 0 1 ]
L = [ 9 8 9 2 5 3 8 9 8 8 6 5 9 9 2 2 7 4 5 4 ]
l = [ 9 8 9 2 5 3 8 9 8 8 6 5 9 9 2 2 7 4 5 4 ]
Pmin = [ 90 80 100 20 40 30 90 100 90 90 60 60 100 90 20 20 70 40 50 40 ]
Pmax = [ 90 80 100 20 40 30 90 100 90 90 60 60 100 90 20 20 70 40 50 40 ]
cf = [ 19.4821 68.0995 43.4931 26.6202 18.9816 28.3268 38.8597 42.78 7.88495 34.866 20.5267 65.9492 60.6247 54.6348 35.0733 66.2729 20.2275 48.2379 28.0849 21.4666 ]
c0 = [ 247 212 250 71 113 86 222 250 216 247 171 156 250 250 75 71 174 108 144 117 ]
cp = [ 13.3173 13.8828 13.253 41.5673 20.4462 38.8236 18.9766 10.6072 18.3963 15.0605 23.7304 35.9991 9.2051 18.2918 41.7538 41.9031 29.5858 33.8824 27.7483 27.6827 ]
D = [ 721 107 795 605 1230 1119 533 245 330 801 618 583 762 79 982 1005 512 349 452 530 916 727 448 725 415 1018 649 684 576 1078 978 17 1185 492 622 1134 331 1155 99 661 675 717 1245 157 796 947 1162 29 ]
K = 21
nk = [ 0 1 2 3 4 5 6 7 8 9 10 11 12 13 14 15 16 17 18 19 ]
First = [ 0 0 0 0 0 0 0 0 0 0 0 0 0 0 0 0 0 0 0 0 ]
Last = [ 0 0 0 0 0 0 0 0 0 0 0 0 0 0 0 0 0 0 0 0 ]
nS = 4
S = [ 1 0 0 1 0 0 0 0 0 1 0 0 0 0 0 1 0 0 0 0 ]
