n = 20 ; 
T = 48 ; 
Init = [ 0 1 1 1 1 1 1 0 0 0 0 0 0 1 1 0 0 1 1 1 ]
L = [ 5 6 8 2 6 6 6 8 5 4 8 8 3 6 7 2 8 10 5 9 ]
l = [ 5 6 8 2 6 6 6 8 5 4 8 8 3 6 7 2 8 10 5 9 ]
Pmin = [ 50 60 90 20 60 60 60 100 40 50 90 80 30 60 70 20 90 100 50 100 ]
Pmax = [ 50 60 90 20 60 60 60 100 40 50 90 80 30 60 70 20 90 100 50 100 ]
cf = [ 55.0789 38.1518 12.8876 35.9915 32.5938 65.9187 34.0087 28.9589 18.4629 65.306 27.4335 27.7739 18.8679 24.3515 68.8573 64.5446 57.9305 57.4178 68.6209 42.5274 ]
c0 = [ 138 154 240 80 172 153 173 239 129 142 238 212 75 164 205 72 250 250 132 250 ]
cp = [ 21.8326 20.3452 24.7155 39.317 20.8188 26.5716 28.1424 19.3877 36.6521 31.4942 16.9753 15.6874 39.852 31.0722 31.1323 41.5611 11.3916 10.8748 22.5874 20.8744 ]
D = [ 893 700 827 908 1040 597 350 761 21 1035 574 998 388 693 307 908 610 856 75 843 761 490 1265 1002 842 1242 891 597 986 863 39 600 282 865 227 42 183 578 803 204 333 97 1202 722 790 229 350 121 ]
K = 21
nk = [ 0 1 2 3 4 5 6 7 8 9 10 11 12 13 14 15 16 17 18 19 ]
First = [ 0 0 0 0 0 0 0 0 0 0 0 0 0 0 0 0 0 0 0 0 ]
Last = [ 0 0 0 0 0 0 0 0 0 0 0 0 0 0 0 0 0 0 0 0 ]
nS = 6
S = [ 1 0 0 1 0 0 0 1 0 0 1 0 0 0 1 0 0 0 1 0 ]
