n = 20 ; 
T = 48 ; 
Init = [ 0 0 1 0 0 0 0 0 0 1 1 0 0 0 0 1 0 0 1 1 ]
L = [ 9 8 5 4 7 8 8 9 8 9 6 3 5 6 7 9 7 3 7 4 ]
l = [ 9 8 5 4 7 8 8 9 8 9 6 3 5 6 7 9 7 3 7 4 ]
Pmin = [ 100 90 60 40 90 90 90 90 80 100 70 40 50 60 70 90 80 40 80 40 ]
Pmax = [ 100 90 60 40 90 90 90 90 80 100 70 40 50 60 70 90 80 40 80 40 ]
cf = [ 36.5829 53.702 19.7599 23.0329 26.5549 23.4603 50.2425 56.4126 23.1541 23.3994 47.5225 69.5119 32.0463 22.0167 54.4105 46.1102 50.7707 69.6528 46.2939 57.2794 ]
c0 = [ 250 225 160 126 218 236 230 232 214 250 178 111 132 148 196 236 211 109 211 126 ]
cp = [ 8.3038 23.4197 23.1846 32.8084 15.3947 13.5704 23.6776 11.3528 13.626 11.7879 22.6706 38.1485 26.8416 27.3497 25.7707 11.4858 17.5636 38.851 11.9678 24.6584 ]
D = [ 454 473 577 606 667 739 821 840 939 966 1046 1142 1193 1076 996 903 866 747 855 928 1076 848 714 551 322 446 524 559 667 711 803 862 926 1032 1127 1155 1279 1169 1065 917 810 753 896 1000 1144 998 771 595 ]
K = 21
nk = [ 0 1 2 3 4 5 6 7 8 9 10 11 12 13 14 15 16 17 18 19 ]
First = [ 0 0 0 0 0 0 0 0 0 0 0 0 0 0 0 0 0 0 0 0 ]
Last = [ 0 0 0 0 0 0 0 0 0 0 0 0 0 0 0 0 0 0 0 0 ]
nS = 5
S = [ 1 0 1 0 0 0 0 0 1 0 0 0 0 0 1 1 0 0 0 0 ]
