n = 20 ; 
T = 48 ; 
Init = [ 1 1 0 0 1 0 1 1 0 1 1 0 1 0 1 0 0 0 1 0 ]
L = [ 6 4 7 9 9 9 9 4 3 5 9 3 7 7 6 5 6 7 5 6 ]
l = [ 6 4 7 9 9 9 9 4 3 5 9 3 7 7 6 5 6 7 5 6 ]
Pmin = [ 70 40 80 100 90 100 100 40 40 50 100 20 80 80 70 50 60 70 50 60 ]
Pmax = [ 70 40 80 100 90 100 100 40 40 50 100 20 80 80 70 50 60 70 50 60 ]
cf = [ 13.0932 26.2637 26.3869 58.9299 68.2058 54.277 57.0929 33.0021 38.3185 65.8173 39.2525 60.1643 65.0143 63.4236 68.529 11.2321 16.017 26.1032 48.2626 52.1445 ]
c0 = [ 184 118 215 250 239 249 250 121 117 140 250 76 205 210 188 148 164 199 144 176 ]
cp = [ 16.1534 32.5741 14.4359 12.414 21.0506 10.9309 11.1747 36.4623 36.3432 24.3711 16.3632 31.7374 21.05 17.3804 20.1014 34.1391 22.0093 21.5314 27.6484 30.9582 ]
D = [ 706 335 51 230 1056 17 925 1067 1251 65 1040 31 478 105 1144 440 1118 867 997 439 778 338 229 671 197 197 762 390 606 296 8 1313 630 58 192 337 76 1117 54 1327 1182 1094 8 311 1199 1152 750 967 ]
K = 21
nk = [ 0 1 2 3 4 5 6 7 8 9 10 11 12 13 14 15 16 17 18 19 ]
First = [ 0 0 0 0 0 0 0 0 0 0 0 0 0 0 0 0 0 0 0 0 ]
Last = [ 0 0 0 0 0 0 0 0 0 0 0 0 0 0 0 0 0 0 0 0 ]
nS = 9
S = [ 1 1 0 0 1 0 0 1 0 0 1 0 0 1 0 0 1 1 1 0 ]
