n = 20 ; 
T = 48 ; 
Init = [ 0 0 1 1 1 1 1 1 1 1 1 0 1 1 0 1 0 0 1 1 ]
L = [ 5 9 6 3 4 2 6 4 7 3 7 6 6 9 8 6 5 5 5 4 ]
l = [ 5 9 6 3 4 2 6 4 7 3 7 6 6 9 8 6 5 5 5 4 ]
Pmin = [ 50 100 70 30 50 30 70 40 70 30 80 50 60 100 90 60 50 60 60 50 ]
Pmax = [ 50 100 70 30 50 30 70 40 70 30 80 50 60 100 90 60 50 60 60 50 ]
cf = [ 28.3969 32.3098 27.4536 34.2725 14.6229 61.7222 38.8865 31.2596 65.9803 48.2441 8.07176 53.3502 50.8126 62.6889 59.4755 19.3883 17.8542 38.1287 40.4608 30.3104 ]
c0 = [ 145 250 188 73 139 78 191 105 188 88 226 146 170 250 231 159 139 163 159 121 ]
cp = [ 30.0748 11.7295 29.8673 29.9769 20.552 40.4949 20.0028 31.6162 26.5743 39.1914 17.962 29.1095 18.1883 14.4003 17.3529 22.3572 32.0552 16.4362 15.6301 31.8698 ]
D = [ 319 411 464 535 570 638 677 762 778 870 893 993 1019 938 871 786 675 594 681 751 842 730 583 472 314 394 446 484 560 625 688 727 821 864 909 990 1045 941 894 813 730 638 710 811 898 766 637 457 ]
K = 21
nk = [ 0 1 2 3 4 5 6 7 8 9 10 11 12 13 14 15 16 17 18 19 ]
First = [ 0 0 0 0 0 0 0 0 0 0 0 0 0 0 0 0 0 0 0 0 ]
Last = [ 0 0 0 0 0 0 0 0 0 0 0 0 0 0 0 0 0 0 0 0 ]
nS = 9
S = [ 1 0 0 0 0 0 1 1 1 0 1 0 0 1 0 1 1 0 1 0 ]
