n = 20 ; 
T = 48 ; 
Init = [ 1 0 0 1 1 0 1 1 1 0 1 1 1 1 0 1 1 0 0 1 ]
L = [ 7 3 5 7 6 8 4 8 2 6 4 9 5 9 6 5 3 2 7 4 ]
l = [ 7 3 5 7 6 8 4 8 2 6 4 9 5 9 6 5 3 2 7 4 ]
Pmin = [ 70 20 40 80 70 80 40 80 20 60 50 90 50 100 70 50 40 20 70 30 ]
Pmax = [ 70 20 40 80 70 80 40 80 20 60 50 90 50 100 70 50 40 20 70 30 ]
cf = [ 20.0525 42.5925 34.5599 60.5727 42.4508 50.3366 52.0094 20.0359 45.9563 47.4644 34.4889 25.7624 47.4182 66.7635 48.6307 31.6385 69.3005 9.88194 55.5379 22.5978 ]
c0 = [ 200 86 116 199 185 206 119 208 71 170 134 242 144 250 181 143 119 79 194 110 ]
cp = [ 33.7042 32.6174 28.9418 22.169 25.4526 13.6398 36.1685 22.6653 41.53 37.3035 34.7254 14.7919 35.5387 12.2936 28.4006 27.1318 22.3741 40.3262 20.3308 28.0679 ]
D = [ 291 357 387 480 501 582 605 688 718 759 828 909 952 869 794 708 616 580 622 747 810 677 575 433 305 371 400 456 543 567 635 705 743 795 886 913 980 911 784 702 634 542 645 773 888 715 549 430 ]
K = 21
nk = [ 0 1 2 3 4 5 6 7 8 9 10 11 12 13 14 15 16 17 18 19 ]
First = [ 0 0 0 0 0 0 0 0 0 0 0 0 0 0 0 0 0 0 0 0 ]
Last = [ 0 0 0 0 0 0 0 0 0 0 0 0 0 0 0 0 0 0 0 0 ]
nS = 4
S = [ 1 0 0 0 0 1 0 0 0 1 0 0 0 0 1 0 0 0 0 0 ]
