n = 20 ; 
T = 96 ; 
Init = [ 0 0 1 0 1 0 0 1 1 0 0 1 1 0 1 1 1 1 0 0 ]
L = [ 7 8 6 4 8 3 3 5 3 3 6 5 8 4 5 5 8 6 5 7 ]
l = [ 7 8 6 4 8 3 3 5 3 3 6 5 8 4 5 5 8 6 5 7 ]
Pmin = [ 73 89 70 46 93 33 34 55 36 35 52 54 97 37 43 47 97 58 53 74 ]
Pmax = [ 73 89 70 46 93 33 34 55 36 35 52 54 97 37 43 47 97 58 53 74 ]
cf = [ 11.1461 58.8363 56.4439 68.4106 60.3551 58.201 39.1426 55.3281 58.4415 67.3772 30.265 52.0921 38.1291 66.2555 43.4342 7.72447 14.6421 46.2826 28.4582 57.8782 ]
c0 = [ 206 234 190 139 246 93 93 150 111 104 150 155 244 105 123 139 250 164 152 194 ]
cp = [ 22.1767 13.4968 22.9392 33.7638 16.0092 29.875 36.468 19.6403 37.1841 36.2633 33.8143 27.9183 20.3614 35.1216 24.2795 26.9784 19.555 21.1277 19.0382 21.6007 ]
D = [ 376 413 462 507 544 579 658 684 764 805 825 903 930 895 814 734 671 606 702 753 858 716 560 430 294 344 428 471 567 599 678 759 821 876 941 995 1067 952 868 760 676 577 682 762 895 759 605 421 266 352 377 444 504 556 609 685 753 777 853 912 985 869 802 724 671 596 674 809 916 739 577 429 239 313 408 464 507 564 623 708 761 840 888 955 1005 910 847 761 677 615 697 809 905 758 612 486 ]
K = 21
nk = [ 0 1 2 3 4 5 6 7 8 9 10 11 12 13 14 15 16 17 18 19 ]
First = [ 0 0 0 0 0 0 0 0 0 0 0 0 0 0 0 0 0 0 0 0 ]
Last = [ 0 0 0 0 0 0 0 0 0 0 0 0 0 0 0 0 0 0 0 0 ]
nS = 6
S = [ 1 0 0 0 0 1 0 0 0 1 1 0 0 1 0 0 0 0 0 1 ]
