n = 20 ; 
T = 96 ; 
Init = [ 1 1 0 0 0 1 1 0 0 1 1 0 0 0 1 1 1 0 0 1 ]
L = [ 3 3 3 3 5 3 7 4 4 4 3 6 9 4 3 3 10 2 3 9 ]
l = [ 3 3 3 3 5 3 7 4 4 4 3 6 9 4 3 3 10 2 3 9 ]
Pmin = [ 27 32 34 38 54 25 72 33 48 37 28 65 100 38 36 28 100 17 27 100 ]
Pmax = [ 27 32 34 38 54 25 72 33 48 37 28 65 100 38 36 28 100 17 27 100 ]
cf = [ 65.0195 13.006 48.8356 50.1411 34.2425 47.0235 63.4057 15.0186 11.9295 48.2239 24.0003 33.6442 37.9809 27.9538 42.9069 38.6001 57.6738 34.0167 56.465 56.1076 ]
c0 = [ 82 105 94 104 140 80 202 96 146 122 81 183 250 120 108 88 250 66 85 250 ]
cp = [ 32.9099 38.8763 38.6383 37.5907 34.7893 41.1098 28.1789 33.9352 38.441 28.2552 39.3066 14.1777 13.9696 21.7945 34.0942 38.2674 8.23463 41.3953 33.3223 10.0651 ]
D = [ 391 894 530 51 773 65 426 274 630 807 662 556 896 347 260 363 4 162 483 78 776 736 475 299 110 71 770 865 474 568 658 865 524 249 915 358 313 403 632 5 270 355 561 228 702 821 591 706 44 135 784 821 871 320 181 41 391 12 906 865 580 625 791 165 874 767 523 248 230 216 253 501 572 814 728 335 696 380 102 741 515 887 623 447 268 803 488 659 815 456 585 457 142 437 622 76 ]
K = 21
nk = [ 0 1 2 3 4 5 6 7 8 9 10 11 12 13 14 15 16 17 18 19 ]
First = [ 0 0 0 0 0 0 0 0 0 0 0 0 0 0 0 0 0 0 0 0 ]
Last = [ 0 0 0 0 0 0 0 0 0 0 0 0 0 0 0 0 0 0 0 0 ]
nS = 7
S = [ 1 0 1 1 0 0 0 1 0 1 0 0 0 0 0 1 0 0 1 0 ]
