n = 20 ; 
T = 96 ; 
Init = [ 0 1 0 1 0 1 0 0 1 0 0 1 1 0 0 1 0 1 1 0 ]
L = [ 8 6 8 3 6 4 2 6 4 8 3 3 4 5 8 7 2 6 4 8 ]
l = [ 8 6 8 3 6 4 2 6 4 8 3 3 4 5 8 7 2 6 4 8 ]
Pmin = [ 79 57 89 28 73 44 18 66 34 85 32 31 44 56 90 73 12 55 37 82 ]
Pmax = [ 79 57 89 28 73 44 18 66 34 85 32 31 44 56 90 73 12 55 37 82 ]
cf = [ 21.1343 27.9233 57.7825 15.853 55.2156 35.7293 8.48695 60.9659 48.0607 24.0345 17.1802 17.6938 68.1136 18.6362 27.8789 34.2208 40.0895 62.6421 66.9392 14.9099 ]
c0 = [ 211 164 224 82 195 124 66 179 105 222 93 99 124 162 236 191 52 152 113 220 ]
cp = [ 27.6599 21.7583 12.5648 31.2947 24.9639 29.1591 40.3533 24.8535 25.8505 20.7741 34.376 30.0873 32.1116 26.9561 16.6823 26.9579 41.1961 30.2958 31.0395 16.5836 ]
D = [ 195 232 837 535 55 258 773 676 771 336 280 1014 696 70 82 441 565 107 286 187 401 461 371 368 661 730 837 146 604 784 283 798 1016 34 249 1072 292 1022 663 1063 273 943 993 968 1013 1074 325 492 97 610 679 498 1071 1050 866 648 696 618 794 214 317 1077 1013 249 26 176 235 318 113 898 297 386 756 204 269 684 194 594 92 290 119 771 788 106 736 569 754 347 102 463 561 419 454 489 667 480 ]
K = 21
nk = [ 0 1 2 3 4 5 6 7 8 9 10 11 12 13 14 15 16 17 18 19 ]
First = [ 0 0 0 0 0 0 0 0 0 0 0 0 0 0 0 0 0 0 0 0 ]
Last = [ 0 0 0 0 0 0 0 0 0 0 0 0 0 0 0 0 0 0 0 0 ]
nS = 8
S = [ 1 0 0 0 0 1 0 1 0 1 0 0 0 0 1 1 0 1 0 1 ]
