n = 20 ; 
T = 96 ; 
Init = [ 0 0 0 1 1 0 1 0 1 0 0 1 0 1 1 1 0 1 1 0 ]
L = [ 2 4 10 3 8 4 3 8 6 6 9 8 3 8 9 10 9 3 10 3 ]
l = [ 2 4 10 3 8 4 3 8 6 6 9 8 3 8 9 10 9 3 10 3 ]
Pmin = [ 24 47 100 25 84 35 16 89 65 62 93 78 28 85 88 100 91 32 100 22 ]
Pmax = [ 24 47 100 25 84 35 16 89 65 62 93 78 28 85 88 100 91 32 100 22 ]
cf = [ 22.5321 38.1521 48.0818 55.247 40.4231 10.6778 23.7726 49.6122 39.358 35.3768 35.62 47.6413 49.899 30.3653 25.9193 24.196 34.1297 23.8362 14.3641 16.3151 ]
c0 = [ 72 129 250 84 226 95 69 243 182 160 250 219 93 215 233 250 238 100 250 77 ]
cp = [ 40.1211 28.5003 8.1329 40.5324 19.6976 38.1741 40.7663 16.9784 19.2174 23.0168 17.5481 25.6669 38.8888 17.8786 13.0707 13.4235 11.7004 29.0799 8.38935 39.2789 ]
D = [ 463 87 106 82 140 739 63 673 225 849 122 537 210 946 241 881 1020 577 472 405 1147 1046 1220 743 251 336 1088 795 674 1236 982 1137 59 1088 1219 199 563 18 872 788 867 993 61 1077 675 302 694 431 879 1166 836 761 948 792 241 1198 1128 65 729 538 37 447 411 96 271 366 295 834 384 1166 359 1252 896 420 1065 307 721 495 737 336 397 309 1097 80 1101 74 15 965 139 744 239 176 1190 649 272 198 ]
K = 21
nk = [ 0 1 2 3 4 5 6 7 8 9 10 11 12 13 14 15 16 17 18 19 ]
First = [ 0 0 0 0 0 0 0 0 0 0 0 0 0 0 0 0 0 0 0 0 ]
Last = [ 0 0 0 0 0 0 0 0 0 0 0 0 0 0 0 0 0 0 0 0 ]
nS = 5
S = [ 1 0 0 0 0 1 0 1 0 0 0 0 0 1 0 0 0 1 0 0 ]
