n = 20 ; 
T = 96 ; 
Init = [ 0 1 1 1 0 1 0 1 0 1 0 1 1 0 1 0 0 1 0 1 ]
L = [ 4 3 6 9 8 6 7 2 8 3 10 9 6 6 8 3 7 7 8 4 ]
l = [ 4 3 6 9 8 6 7 2 8 3 10 9 6 6 8 3 7 7 8 4 ]
Pmin = [ 47 32 54 92 84 64 76 13 91 26 100 100 65 59 90 35 75 70 92 36 ]
Pmax = [ 47 32 54 92 84 64 76 13 91 26 100 100 65 59 90 35 75 70 92 36 ]
cf = [ 53.5054 68.5526 40.3625 16.0111 18.5897 15.3417 66.1026 52.1068 37.7373 63.4461 56.1336 40.0667 38.6948 41.2418 33.8961 45.8138 55.361 18.9001 69.1955 30.6664 ]
c0 = [ 123 100 158 250 215 170 209 50 241 77 250 250 176 165 232 109 200 182 249 97 ]
cp = [ 32.4321 32.8328 30.9021 9.56452 17.6274 30.898 14.011 39.6939 16.9104 37.6519 11.6143 12.888 25.1847 23.4697 16.618 38.4567 26.4909 26.3923 18.6225 36.0408 ]
D = [ 323 374 451 491 575 661 739 783 847 956 1002 1063 1163 1028 960 860 771 638 729 834 938 797 618 503 311 395 486 521 560 621 723 778 848 871 972 1030 1081 973 914 834 758 645 752 818 933 800 625 443 291 339 456 529 553 644 745 768 846 940 1023 1060 1141 1050 958 847 781 642 759 884 1032 816 657 473 291 337 418 497 537 620 704 763 823 911 976 1007 1106 1038 927 829 768 696 740 852 937 770 642 536 ]
K = 21
nk = [ 0 1 2 3 4 5 6 7 8 9 10 11 12 13 14 15 16 17 18 19 ]
First = [ 0 0 0 0 0 0 0 0 0 0 0 0 0 0 0 0 0 0 0 0 ]
Last = [ 0 0 0 0 0 0 0 0 0 0 0 0 0 0 0 0 0 0 0 0 ]
nS = 4
S = [ 1 0 0 0 0 1 0 0 0 0 0 1 0 0 0 0 0 1 0 0 ]
