n = 20 ; 
T = 96 ; 
Init = [ 1 0 1 1 1 0 1 1 0 1 0 0 0 1 0 1 0 1 1 0 ]
L = [ 6 5 10 6 10 7 6 7 3 3 4 9 4 8 4 7 9 6 10 8 ]
l = [ 6 5 10 6 10 7 6 7 3 3 4 9 4 8 4 7 9 6 10 8 ]
Pmin = [ 60 47 100 69 100 83 59 77 24 38 45 97 40 78 36 84 94 64 100 84 ]
Pmax = [ 60 47 100 69 100 83 59 77 24 38 45 97 40 78 36 84 94 64 100 84 ]
cf = [ 27.6399 29.1812 43.936 28.9003 51.9219 44.8433 27.6686 68.484 14.0508 9.52029 33.7302 44.826 63.2649 50.0561 53.6126 12.6695 68.7053 24.7227 22.4652 26.1082 ]
c0 = [ 165 142 250 179 250 216 164 197 76 119 135 250 127 199 110 220 250 180 250 221 ]
cp = [ 25.5004 35.5743 11.8333 25.4366 10.5798 14.3577 17.8488 17.8807 37.3676 30.3156 29.3095 14.1731 28.6834 19.174 26.2611 18.2794 11.4048 18.0028 8.538 26.9953 ]
D = [ 28 38 225 1268 91 1006 457 1299 734 981 557 1186 87 1366 286 1070 815 739 1037 969 794 243 418 647 1186 59 771 1157 447 1109 197 475 1147 422 364 1238 49 821 1159 784 423 337 591 510 323 877 201 1138 237 1239 728 1031 103 1146 298 1289 1206 1069 1067 274 799 1264 749 568 307 1113 427 356 555 207 1139 978 543 351 109 867 1228 310 626 86 170 1354 1117 273 1122 36 182 948 1105 1249 1223 525 1134 593 1093 62 ]
K = 21
nk = [ 0 1 2 3 4 5 6 7 8 9 10 11 12 13 14 15 16 17 18 19 ]
First = [ 0 0 0 0 0 0 0 0 0 0 0 0 0 0 0 0 0 0 0 0 ]
Last = [ 0 0 0 0 0 0 0 0 0 0 0 0 0 0 0 0 0 0 0 0 ]
nS = 8
S = [ 1 1 0 0 0 0 0 1 0 0 0 1 0 0 1 1 1 0 1 0 ]
