n = 20 ; 
T = 96 ; 
Init = [ 0 1 1 0 0 0 0 0 0 0 0 1 0 1 0 0 1 1 0 0 ]
L = [ 5 6 3 8 8 7 3 8 10 9 5 8 4 8 9 6 7 7 4 7 ]
l = [ 5 6 3 8 8 7 3 8 10 9 5 8 4 8 9 6 7 7 4 7 ]
Pmin = [ 60 64 39 83 81 78 27 93 98 100 51 83 42 81 97 69 71 85 41 62 ]
Pmax = [ 60 64 39 83 81 78 27 93 98 100 51 83 42 81 97 69 71 85 41 62 ]
cf = [ 54.5902 39.8532 58.4561 23.0019 56.4815 53.5861 63.5531 55.3095 39.6412 36.3879 56.896 40.9694 20.965 13.8882 69.9064 47.3916 45.174 62.168 13.2857 12.8912 ]
c0 = [ 155 180 110 218 215 208 96 243 250 250 145 214 112 216 250 189 182 216 110 164 ]
cp = [ 29.9623 29.2248 40.1307 14.7067 30.6196 25.9161 37.07 14.3283 9.29193 11.3653 30.9222 23.1711 31.3586 21.0441 16.0751 26.5512 27.2002 23.7979 30.9852 30.5718 ]
D = [ 298 419 448 515 580 671 770 822 873 940 1022 1127 1147 1060 988 900 831 689 825 880 974 828 674 521 334 387 449 534 603 660 740 829 858 919 988 1070 1142 1036 971 894 808 746 811 907 1006 822 655 455 318 408 443 567 594 704 773 845 910 1000 1091 1149 1240 1159 1035 919 801 685 801 939 1085 903 690 521 340 421 495 550 645 710 769 840 952 1006 1064 1132 1199 1111 1011 866 763 656 804 939 1068 907 683 486 ]
K = 21
nk = [ 0 1 2 3 4 5 6 7 8 9 10 11 12 13 14 15 16 17 18 19 ]
First = [ 0 0 0 0 0 0 0 0 0 0 0 0 0 0 0 0 0 0 0 0 ]
Last = [ 0 0 0 0 0 0 0 0 0 0 0 0 0 0 0 0 0 0 0 0 ]
nS = 7
S = [ 1 0 0 1 0 1 0 0 0 0 1 0 1 1 0 0 0 0 1 0 ]
