n = 20 ; 
T = 96 ; 
Init = [ 1 0 0 0 1 0 0 1 0 0 1 0 1 0 0 1 1 0 0 1 ]
L = [ 4 6 4 8 2 9 6 7 4 5 10 5 9 7 6 6 7 5 10 3 ]
l = [ 4 6 4 8 2 9 6 7 4 5 10 5 9 7 6 6 7 5 10 3 ]
Pmin = [ 50 67 36 88 19 98 62 78 49 59 100 52 100 87 62 64 83 43 100 35 ]
Pmax = [ 50 67 36 88 19 98 62 78 49 59 100 52 100 87 62 64 83 43 100 35 ]
cf = [ 18.5022 51.3319 26.8825 20.0047 49.4232 61.0489 28.2037 33.6569 29.1858 22.5799 58.9174 56.8111 44.7316 30.4917 15.0089 60.1043 52.9934 13.2131 68.9527 21.8591 ]
c0 = [ 140 178 109 229 62 250 181 202 139 164 250 145 250 224 168 182 227 127 250 108 ]
cp = [ 36.6707 28.2931 32.0083 18.9956 39.1362 14.8747 25.0357 27.3378 34.0824 27.6899 11.9841 24.7572 13.1896 25.9961 27.4249 16.5418 19.6823 30.0076 10.0713 36.9167 ]
D = [ 325 429 460 564 605 701 784 853 928 952 1046 1130 1180 1112 972 903 812 724 774 854 935 788 680 492 370 407 502 532 583 660 714 791 827 881 961 1006 1083 979 911 817 723 630 764 901 1049 872 700 545 380 413 514 530 599 672 733 820 889 914 979 1042 1143 1040 967 843 760 680 793 895 952 815 678 529 371 448 522 570 632 711 765 783 859 936 1012 1050 1129 1049 915 825 763 648 759 846 937 812 671 538 ]
K = 21
nk = [ 0 1 2 3 4 5 6 7 8 9 10 11 12 13 14 15 16 17 18 19 ]
First = [ 0 0 0 0 0 0 0 0 0 0 0 0 0 0 0 0 0 0 0 0 ]
Last = [ 0 0 0 0 0 0 0 0 0 0 0 0 0 0 0 0 0 0 0 0 ]
nS = 7
S = [ 1 0 0 0 0 0 1 0 1 0 0 0 1 0 0 0 1 0 1 1 ]
