n = 20 ; 
T = 96 ; 
Init = [ 0 1 0 1 1 1 1 0 1 1 0 0 0 0 1 0 0 0 0 1 ]
L = [ 9 8 7 7 8 9 7 9 7 3 9 5 5 3 4 6 7 3 5 8 ]
l = [ 9 8 7 7 8 9 7 9 7 3 9 5 5 3 4 6 7 3 5 8 ]
Pmin = [ 93 77 73 79 85 87 77 100 72 26 100 56 50 27 39 60 77 31 58 94 ]
Pmax = [ 93 77 73 79 85 87 77 100 72 26 100 56 50 27 39 60 77 31 58 94 ]
cf = [ 39.431 50.4109 61.3357 20.7366 24.2476 55.9511 55.782 68.3 46.688 19.0562 59.4212 20.4295 17.3006 38.1487 35.3014 47.4033 23.7507 10.4095 69.1284 11.2099 ]
c0 = [ 247 217 200 205 224 235 209 250 202 81 250 155 141 87 124 155 210 89 162 249 ]
cp = [ 18.528 12.7632 14.6289 26.6589 15.0919 19.2132 15.3246 11.1791 37.0245 37.4156 13.0638 26.9763 27.7217 36.8457 29.9327 31.2199 17.9797 39.2632 28.4659 13.9709 ]
D = [ 323 430 503 556 629 703 751 833 917 984 1069 1126 1192 1114 1032 900 802 687 805 923 1003 816 652 513 367 406 468 586 625 721 783 877 947 1018 1068 1131 1213 1115 986 905 771 665 777 927 1033 839 647 457 267 334 436 504 560 652 741 766 847 957 1034 1058 1145 1048 972 909 795 697 823 926 1073 858 685 528 333 413 446 540 594 676 698 771 868 896 976 1056 1086 1025 915 846 745 662 840 947 1087 861 663 495 ]
K = 21
nk = [ 0 1 2 3 4 5 6 7 8 9 10 11 12 13 14 15 16 17 18 19 ]
First = [ 0 0 0 0 0 0 0 0 0 0 0 0 0 0 0 0 0 0 0 0 ]
Last = [ 0 0 0 0 0 0 0 0 0 0 0 0 0 0 0 0 0 0 0 0 ]
nS = 5
S = [ 1 0 0 0 0 1 0 1 0 0 0 0 1 0 0 1 0 0 0 0 ]
