n = 20 ; 
T = 96 ; 
Init = [ 1 0 0 0 1 0 0 1 0 0 0 0 0 1 1 1 1 0 1 1 ]
L = [ 8 4 4 2 9 2 3 2 5 8 3 4 4 6 6 2 9 8 9 9 ]
l = [ 8 4 4 2 9 2 3 2 5 8 3 4 4 6 6 2 9 8 9 9 ]
Pmin = [ 86 39 38 17 100 15 32 23 49 84 29 34 44 55 54 29 96 91 100 100 ]
Pmax = [ 86 39 38 17 100 15 32 23 49 84 29 34 44 55 54 29 96 91 100 100 ]
cf = [ 14.3721 56.436 10.7699 8.31638 7.7886 34.1187 59.2094 41.0287 17.7807 25.8534 27.6301 45.8377 39.9212 44.831 29.6838 15.9688 10.0002 69.4163 60.4181 16.7356 ]
c0 = [ 226 109 108 68 250 56 102 82 130 222 94 105 119 150 142 83 250 245 250 250 ]
cp = [ 13.1851 31.7754 32.0154 41.5446 22.5272 41.3153 30.8409 41.322 31.9372 24.9863 33.9893 31.8405 30.1037 32.3554 27.6247 40.0995 10.7555 21.7624 14.1974 12.9889 ]
D = [ 286 336 390 444 504 560 620 665 733 792 836 879 955 894 783 728 624 570 653 783 860 729 606 431 288 362 419 488 513 568 639 708 766 825 861 921 968 887 777 696 629 544 641 758 852 718 595 445 306 331 417 447 517 571 614 683 707 763 834 860 940 836 763 674 594 529 654 725 836 724 581 460 312 403 435 467 547 600 649 685 728 793 845 891 929 880 789 730 644 590 699 796 879 753 567 428 ]
K = 21
nk = [ 0 1 2 3 4 5 6 7 8 9 10 11 12 13 14 15 16 17 18 19 ]
First = [ 0 0 0 0 0 0 0 0 0 0 0 0 0 0 0 0 0 0 0 0 ]
Last = [ 0 0 0 0 0 0 0 0 0 0 0 0 0 0 0 0 0 0 0 0 ]
nS = 7
S = [ 1 0 1 0 0 0 0 0 1 0 1 0 0 0 1 0 0 1 0 1 ]
