n = 20 ; 
T = 96 ; 
Init = [ 0 0 1 1 0 0 0 1 1 0 0 0 1 0 1 0 1 0 1 0 ]
L = [ 9 8 8 5 5 4 8 7 4 7 8 7 5 9 2 2 4 3 5 4 ]
l = [ 9 8 8 5 5 4 8 7 4 7 8 7 5 9 2 2 4 3 5 4 ]
Pmin = [ 98 85 80 53 53 41 90 72 37 72 94 70 50 97 22 22 37 30 61 47 ]
Pmax = [ 98 85 80 53 53 41 90 72 37 72 94 70 50 97 22 22 37 30 61 47 ]
cf = [ 25.6984 22.2204 7.72329 14.3465 20.7561 34.8482 29.4982 49.9101 68.6446 68.7727 26.8292 53.6772 12.0575 21.4489 61.9101 31.6687 62.1157 60.3192 15.3854 19.5637 ]
c0 = [ 250 217 221 140 144 124 247 200 107 201 250 196 134 250 77 82 109 95 163 138 ]
cp = [ 12.3478 16.2048 16.8552 21.1779 30.4417 25.2093 13.2715 28.3329 31.7968 31.3819 22.4522 17.4896 31.1405 15.3878 40.3791 40.2522 26.8723 39.2298 28.1966 28.1709 ]
D = [ 805 969 1168 961 758 675 807 7 167 1175 873 527 257 887 668 521 211 1100 135 185 1077 516 1083 1174 794 927 437 643 741 598 884 335 356 841 85 1114 305 891 1122 472 856 784 999 1113 460 456 423 671 346 559 856 212 1075 728 175 658 444 612 90 1185 1210 974 309 356 604 394 259 909 75 170 171 930 953 1170 832 202 415 45 873 761 603 519 973 468 36 1147 1126 480 548 5 454 548 979 763 904 372 ]
K = 21
nk = [ 0 1 2 3 4 5 6 7 8 9 10 11 12 13 14 15 16 17 18 19 ]
First = [ 0 0 0 0 0 0 0 0 0 0 0 0 0 0 0 0 0 0 0 0 ]
Last = [ 0 0 0 0 0 0 0 0 0 0 0 0 0 0 0 0 0 0 0 0 ]
nS = 5
S = [ 1 0 0 0 0 0 1 0 1 0 0 0 0 1 0 0 1 0 0 0 ]
