n = 20 ; 
T = 96 ; 
Init = [ 0 1 0 1 1 0 1 0 1 0 1 0 1 1 0 0 0 1 1 0 ]
L = [ 4 5 6 9 9 3 7 3 4 8 9 6 5 3 8 8 3 9 8 10 ]
l = [ 4 5 6 9 9 3 7 3 4 8 9 6 5 3 8 8 3 9 8 10 ]
Pmin = [ 45 53 60 93 100 32 70 27 40 90 96 67 45 28 91 99 33 94 85 100 ]
Pmax = [ 45 53 60 93 100 32 70 27 40 90 96 67 45 28 91 99 33 94 85 100 ]
cf = [ 55.6526 63.327 26.1712 63.3022 7.8902 50.5766 61.5822 37.1752 61.6424 57.7037 61.4286 40.3959 66.0376 65.9571 43.3891 48.8756 66.096 40.0914 60.0991 15.5295 ]
c0 = [ 134 140 157 235 250 88 199 81 111 232 250 186 135 89 247 250 100 250 235 250 ]
cp = [ 31.4552 34.342 17.1965 12.0915 12.6076 32.9515 14.2209 40.8048 23.3515 17.2478 16.6584 25.384 33.2415 31.5263 15.2849 14.5773 30.1353 14.4068 13.1636 9.48252 ]
D = [ 379 427 487 570 620 714 752 809 871 941 1004 1102 1128 1062 966 880 763 649 816 929 1080 895 722 548 392 458 498 610 671 730 773 863 895 984 1071 1109 1196 1098 985 884 787 685 772 919 1003 836 659 493 267 345 455 523 577 678 741 787 866 952 1019 1121 1174 1084 971 844 740 625 772 884 966 825 638 460 345 410 479 511 611 674 739 811 862 953 1030 1093 1176 1057 929 861 736 643 803 898 1013 861 669 493 ]
K = 21
nk = [ 0 1 2 3 4 5 6 7 8 9 10 11 12 13 14 15 16 17 18 19 ]
First = [ 0 0 0 0 0 0 0 0 0 0 0 0 0 0 0 0 0 0 0 0 ]
Last = [ 0 0 0 0 0 0 0 0 0 0 0 0 0 0 0 0 0 0 0 0 ]
nS = 7
S = [ 1 1 0 0 1 0 0 1 0 0 0 0 1 1 0 0 0 0 0 1 ]
