n = 20 ; 
T = 96 ; 
Init = [ 0 1 0 0 1 0 0 0 0 0 0 0 0 0 0 1 0 0 0 0 ]
L = [ 8 7 8 5 4 5 4 4 7 9 3 6 8 9 7 2 9 6 4 4 ]
l = [ 8 7 8 5 4 5 4 4 7 9 3 6 8 9 7 2 9 6 4 4 ]
Pmin = [ 86 69 81 45 45 46 32 41 68 97 28 69 92 92 69 23 100 60 40 39 ]
Pmax = [ 86 69 81 45 45 46 32 41 68 97 28 69 92 92 69 23 100 60 40 39 ]
cf = [ 40.5523 46.1831 36.6578 28.9323 67.2876 43.1229 66.3251 27.2373 9.8365 61.8796 64.0692 69.5955 21.6354 13.9437 44.3076 50.8105 53.6238 8.2592 49.7345 61.7227 ]
c0 = [ 239 183 208 131 128 134 96 131 176 250 82 182 239 249 188 68 250 171 118 116 ]
cp = [ 12.4413 23.0871 19.4914 24.3453 38.6335 22.9471 33.7318 32.6407 24.8182 22.4566 37.8387 26.4739 11.0832 15.364 18.7802 40.5829 16.5073 31.3263 31.891 30.3226 ]
D = [ 312 391 445 496 562 616 716 737 834 879 930 1007 1070 986 897 799 717 632 734 835 963 751 583 454 252 320 409 448 506 582 670 718 780 874 904 996 1075 970 912 799 742 625 724 779 869 750 564 443 320 341 426 459 552 560 634 687 767 822 871 929 997 884 816 724 634 584 710 779 898 732 594 417 262 342 380 451 509 572 630 689 768 823 855 933 979 932 844 778 696 645 720 819 882 727 597 418 ]
K = 21
nk = [ 0 1 2 3 4 5 6 7 8 9 10 11 12 13 14 15 16 17 18 19 ]
First = [ 0 0 0 0 0 0 0 0 0 0 0 0 0 0 0 0 0 0 0 0 ]
Last = [ 0 0 0 0 0 0 0 0 0 0 0 0 0 0 0 0 0 0 0 0 ]
nS = 6
S = [ 1 1 0 1 0 1 0 0 0 0 0 1 0 0 0 0 0 1 0 0 ]
