n = 20 ; 
T = 96 ; 
Init = [ 0 0 1 1 1 1 0 1 1 0 1 1 1 1 0 1 0 0 0 0 ]
L = [ 6 6 8 8 7 9 2 5 9 3 4 8 8 6 7 9 5 3 8 9 ]
l = [ 6 6 8 8 7 9 2 5 9 3 4 8 8 6 7 9 5 3 8 9 ]
Pmin = [ 61 68 85 83 81 87 20 45 98 33 38 94 88 62 72 92 64 32 81 94 ]
Pmax = [ 61 68 85 83 81 87 20 45 98 33 38 94 88 62 72 92 64 32 81 94 ]
cf = [ 46.347 45.4854 13.9383 66.2771 36.7122 56.745 13.7043 29.6166 28.5389 29.7055 39.0659 54.2645 26.0377 30.617 47.6581 38.8961 30.6217 25.5469 43.5623 22.941 ]
c0 = [ 165 193 234 229 210 218 73 119 250 91 111 250 228 176 197 250 181 89 215 250 ]
cp = [ 20.1379 20.624 10.3717 10.8328 26.6534 15.6141 41.9965 28.2923 13.3849 36.4005 28.5137 12.0749 11.4444 25.0445 25.8251 18.6375 22.7377 36.851 15.1119 8.72412 ]
D = [ 581 1322 215 950 976 1083 737 725 1195 1372 165 678 835 317 596 107 27 743 602 498 1239 1303 154 278 442 1044 975 959 71 397 1307 652 341 145 224 1317 1227 961 664 1044 954 830 344 412 1147 940 519 1174 304 1121 294 166 1046 449 444 110 114 41 1069 185 438 998 838 779 1143 1061 718 992 644 4 658 220 834 1002 632 603 563 1151 399 868 893 693 1034 562 1142 99 672 1256 140 363 64 578 1361 901 1357 1126 ]
K = 21
nk = [ 0 1 2 3 4 5 6 7 8 9 10 11 12 13 14 15 16 17 18 19 ]
First = [ 0 0 0 0 0 0 0 0 0 0 0 0 0 0 0 0 0 0 0 0 ]
Last = [ 0 0 0 0 0 0 0 0 0 0 0 0 0 0 0 0 0 0 0 0 ]
nS = 7
S = [ 1 0 0 0 0 0 1 0 1 0 0 0 0 1 0 1 1 0 0 1 ]
