n = 20 ; 
T = 96 ; 
Init = [ 0 1 0 1 0 0 0 0 1 1 1 0 1 0 0 1 0 0 1 1 ]
L = [ 4 5 7 9 4 3 4 8 6 6 2 5 3 2 8 6 3 2 2 9 ]
l = [ 4 5 7 9 4 3 4 8 6 6 2 5 3 2 8 6 3 2 2 9 ]
Pmin = [ 37 54 68 100 38 22 32 89 72 63 20 61 34 21 92 67 26 14 23 98 ]
Pmax = [ 37 54 68 100 38 22 32 89 72 63 20 61 34 21 92 67 26 14 23 98 ]
cf = [ 33.0354 14.1207 43.6068 24.8884 61.1379 31.9711 56.2651 69.461 43.108 20.0442 40.5768 8.2101 22.7104 47.9008 58.9578 28.9511 69.4045 40.5726 68.2372 52.2177 ]
c0 = [ 109 140 176 250 103 71 103 238 198 170 61 172 108 67 233 174 88 50 88 250 ]
cp = [ 34.1763 23.3225 23.2521 16.4008 19.2528 38.8833 35.3817 15.2942 31.6928 22.1938 41.3827 23.1282 30.9394 39.4145 14.0112 27.1366 39.8293 41.8571 34.9214 12.0636 ]
D = [ 928 15 465 646 304 597 830 3 925 797 675 320 914 244 613 769 652 388 760 212 602 278 232 859 948 51 187 938 601 158 647 498 173 81 112 477 678 942 480 572 708 124 892 591 368 474 329 1020 863 58 201 433 336 433 261 253 484 448 160 54 606 807 551 779 888 663 225 535 575 704 76 252 829 968 843 165 412 141 154 243 199 356 676 535 788 937 788 242 354 948 295 961 725 847 709 582 ]
K = 21
nk = [ 0 1 2 3 4 5 6 7 8 9 10 11 12 13 14 15 16 17 18 19 ]
First = [ 0 0 0 0 0 0 0 0 0 0 0 0 0 0 0 0 0 0 0 0 ]
Last = [ 0 0 0 0 0 0 0 0 0 0 0 0 0 0 0 0 0 0 0 0 ]
nS = 6
S = [ 1 0 0 0 0 1 1 1 0 0 0 0 1 0 0 0 0 0 1 0 ]
