n = 20 ; 
T = 96 ; 
Init = [ 1 0 0 0 1 1 0 0 0 1 1 0 0 0 1 0 1 1 1 1 ]
L = [ 2 6 6 6 5 4 9 9 5 6 5 9 8 2 5 6 2 3 5 6 ]
l = [ 2 6 6 6 5 4 9 9 5 6 5 9 8 2 5 6 2 3 5 6 ]
Pmin = [ 15 55 54 62 48 44 96 95 59 60 53 98 90 15 51 71 19 23 49 68 ]
Pmax = [ 15 55 54 62 48 44 96 95 59 60 53 98 90 15 51 71 19 23 49 68 ]
cf = [ 68.214 36.7092 62.2156 31.6394 36.7175 49.0724 20.8383 34.5923 8.47501 52.5203 27.7873 13.3198 13.1647 51.506 69.0045 53.4138 18.0971 26.7782 38.1138 60.2737 ]
c0 = [ 48 150 148 179 141 127 248 250 167 169 139 250 230 52 140 192 62 79 145 174 ]
cp = [ 37.8634 29.7506 32.4864 26.7028 27.101 15.946 12.3488 11.6151 35.9421 29.8713 34.6843 10.7817 19.5791 41.6123 36.0078 33.3857 41.4676 38.0121 28.8884 14.5156 ]
D = [ 19 573 686 284 843 1013 882 32 568 542 88 536 1073 1074 976 478 700 98 971 726 911 217 839 1021 1012 821 725 85 49 156 1037 69 729 597 352 447 485 109 479 1053 652 567 464 599 515 315 1078 90 413 924 816 199 16 530 96 1028 227 821 1113 276 976 1025 345 580 497 697 1027 982 807 382 910 333 948 248 933 339 564 885 429 977 684 120 51 700 650 147 604 877 968 592 28 819 492 373 274 989 ]
K = 21
nk = [ 0 1 2 3 4 5 6 7 8 9 10 11 12 13 14 15 16 17 18 19 ]
First = [ 0 0 0 0 0 0 0 0 0 0 0 0 0 0 0 0 0 0 0 0 ]
Last = [ 0 0 0 0 0 0 0 0 0 0 0 0 0 0 0 0 0 0 0 0 ]
nS = 5
S = [ 1 0 0 1 0 0 0 0 0 1 0 0 0 1 0 0 0 1 0 0 ]
