n = 20 ; 
T = 96 ; 
Init = [ 1 1 0 0 0 0 1 0 1 0 1 1 0 1 0 0 1 0 0 0 ]
L = [ 7 3 6 2 3 3 8 8 9 8 5 4 5 9 5 5 3 6 8 7 ]
l = [ 7 3 6 2 3 3 8 8 9 8 5 4 5 9 5 5 3 6 8 7 ]
Pmin = [ 69 21 59 15 22 22 91 86 100 89 53 38 42 99 58 53 27 67 85 71 ]
Pmax = [ 69 21 59 15 22 22 91 86 100 89 53 38 42 99 58 53 27 67 85 71 ]
cf = [ 42.8536 20.9823 37.0867 49.7471 61.2815 35.5879 62.7398 64.0904 23.3265 43.2187 66.846 28.2377 8.64509 64.3809 41.5202 22.2299 19.5553 20.5702 25.8423 37.4475 ]
c0 = [ 179 70 174 51 68 69 242 218 250 227 139 120 121 250 170 141 88 186 232 201 ]
cp = [ 23.952 34.0748 25.6849 40.5748 40.421 33.8227 21.5122 12.8997 10.5843 15.6345 30.3865 19.7557 36.0187 17.5632 17.9562 29.8569 36.5568 23.2323 31.2904 15.0219 ]
D = [ 259 317 380 482 547 569 652 701 782 827 931 993 1059 962 838 764 684 579 681 788 858 739 590 407 265 303 400 450 488 577 628 672 734 817 879 923 999 915 816 742 673 591 672 779 890 772 597 444 329 343 438 497 547 584 620 698 771 791 869 917 984 914 800 735 651 592 705 786 864 700 553 427 294 339 399 468 507 571 635 701 746 786 871 926 990 885 816 750 652 594 708 814 924 769 605 434 ]
K = 21
nk = [ 0 1 2 3 4 5 6 7 8 9 10 11 12 13 14 15 16 17 18 19 ]
First = [ 0 0 0 0 0 0 0 0 0 0 0 0 0 0 0 0 0 0 0 0 ]
Last = [ 0 0 0 0 0 0 0 0 0 0 0 0 0 0 0 0 0 0 0 0 ]
nS = 7
S = [ 1 0 0 0 0 0 1 0 0 0 0 0 1 0 1 1 0 1 0 1 ]
