n = 20 ; 
T = 96 ; 
Init = [ 0 1 0 0 1 1 1 1 1 1 1 1 0 1 1 1 1 0 0 1 ]
L = [ 7 5 7 2 5 2 7 8 9 9 9 4 8 5 4 6 3 2 6 2 ]
l = [ 7 5 7 2 5 2 7 8 9 9 9 4 8 5 4 6 3 2 6 2 ]
Pmin = [ 82 50 68 19 50 16 78 87 99 98 98 44 89 47 47 67 36 21 66 17 ]
Pmax = [ 82 50 68 19 50 16 78 87 99 98 98 44 89 47 47 67 36 21 66 17 ]
cf = [ 36.2946 52.8874 63.0861 53.5495 69.7855 61.1184 22.0048 48.0885 59.0802 14.6151 38.1747 26.7758 47.3203 8.58297 44.8888 58.0258 24.8483 41.7842 51.7379 59.3759 ]
c0 = [ 218 142 184 64 135 56 218 240 250 249 250 126 229 129 130 178 105 70 190 74 ]
cp = [ 19.1802 13.6889 16.4035 38.5509 28.3395 39.4539 24.6215 18.6771 13.8216 11.0502 13.4107 40.903 18.6477 24.1593 27.2605 24.3031 37.1932 41.1322 17.8195 41.4416 ]
D = [ 318 362 425 475 543 608 681 761 787 852 945 1011 1047 961 885 784 668 584 698 801 944 745 594 427 288 323 371 431 515 552 619 707 755 794 893 946 969 928 811 739 665 584 676 797 863 755 623 465 339 406 463 507 563 620 641 721 738 787 855 898 987 880 814 780 688 635 737 821 927 793 634 466 326 380 459 516 575 600 662 726 769 811 889 929 988 881 829 767 662 597 684 765 870 730 557 421 ]
K = 21
nk = [ 0 1 2 3 4 5 6 7 8 9 10 11 12 13 14 15 16 17 18 19 ]
First = [ 0 0 0 0 0 0 0 0 0 0 0 0 0 0 0 0 0 0 0 0 ]
Last = [ 0 0 0 0 0 0 0 0 0 0 0 0 0 0 0 0 0 0 0 0 ]
nS = 6
S = [ 1 0 0 1 0 1 0 1 0 0 0 0 0 1 0 1 0 0 0 0 ]
