n = 20 ; 
T = 96 ; 
Init = [ 1 0 1 0 1 1 0 0 0 1 0 0 1 1 0 1 1 1 1 1 ]
L = [ 8 10 3 5 7 4 6 4 7 5 3 3 7 5 9 4 7 7 3 6 ]
l = [ 8 10 3 5 7 4 6 4 7 5 3 3 7 5 9 4 7 7 3 6 ]
Pmin = [ 92 100 24 49 81 45 59 40 79 54 22 23 74 56 100 41 72 67 23 52 ]
Pmax = [ 92 100 24 49 81 45 59 40 79 54 22 23 74 56 100 41 72 67 23 52 ]
cf = [ 59.202 14.4607 32.0185 43.6954 55.5862 64.013 17.9564 12.3449 39.9431 50.7119 16.5541 20.9648 55.1301 13.8588 49.731 46.787 67.1226 31.6569 19.4429 64.0942 ]
c0 = [ 246 250 89 137 223 138 168 118 220 159 80 69 194 164 250 120 187 191 86 143 ]
cp = [ 13.9229 9.51569 36.844 23.7156 25.4008 29.0518 31.0142 27.9955 29.7764 27.1121 35.7781 41.3081 28.1944 35.6272 17.9819 38.6285 24.6862 22.9801 39.7969 27.2276 ]
D = [ 311 1027 76 581 847 264 1113 1077 169 1006 359 1124 1143 817 643 879 708 843 977 157 490 1152 413 218 124 42 946 72 493 21 1117 804 1048 40 232 742 304 192 666 472 45 1026 443 35 690 1086 915 244 776 739 402 113 737 815 331 862 857 124 934 197 145 897 1001 39 937 80 781 87 272 295 560 318 167 1003 353 857 935 115 1101 558 854 350 671 438 11 1001 147 868 1125 1080 1065 117 825 913 156 609 ]
K = 21
nk = [ 0 1 2 3 4 5 6 7 8 9 10 11 12 13 14 15 16 17 18 19 ]
First = [ 0 0 0 0 0 0 0 0 0 0 0 0 0 0 0 0 0 0 0 0 ]
Last = [ 0 0 0 0 0 0 0 0 0 0 0 0 0 0 0 0 0 0 0 0 ]
nS = 7
S = [ 1 0 1 0 0 0 1 0 0 0 1 0 0 0 1 0 1 0 0 1 ]
