n = 20 ; 
T = 96 ; 
Init = [ 1 1 0 1 1 0 0 0 0 1 1 1 1 1 1 1 1 1 0 1 ]
L = [ 9 4 2 7 6 8 7 10 2 8 3 7 6 3 4 10 9 3 7 3 ]
l = [ 9 4 2 7 6 8 7 10 2 8 3 7 6 3 4 10 9 3 7 3 ]
Pmin = [ 88 33 17 77 59 93 77 100 24 84 25 75 63 32 48 100 98 30 69 26 ]
Pmax = [ 88 33 17 77 59 93 77 100 24 84 25 75 63 32 48 100 98 30 69 26 ]
cf = [ 46.4563 35.4675 9.05462 20.3747 23.6943 67.9047 38.128 34.1658 47.6674 44.3606 30.9349 28.6003 66.7622 60.7723 42.8424 66.2634 64.6924 54.791 36.0487 19.4574 ]
c0 = [ 237 99 61 199 173 234 200 250 76 213 85 200 168 89 138 250 250 90 190 93 ]
cp = [ 18.7725 27.0315 37.8382 22.5635 31.4261 13.4364 18.2818 13.4516 39.6295 10.8642 36.4899 27.1949 31.0477 39.3812 35.816 12.7378 11.6577 34.6042 31.3423 34.5401 ]
D = [ 334 400 438 514 546 596 658 730 761 831 906 922 1018 904 843 752 677 565 684 784 887 739 602 461 323 372 443 513 546 589 636 715 765 831 885 952 989 927 860 787 697 621 718 811 920 724 575 426 270 343 391 469 509 572 629 705 762 842 866 933 1013 910 869 772 724 634 760 852 961 802 625 456 282 352 420 455 561 597 659 717 798 875 928 979 1066 979 904 821 722 627 736 787 867 716 572 427 ]
K = 21
nk = [ 0 1 2 3 4 5 6 7 8 9 10 11 12 13 14 15 16 17 18 19 ]
First = [ 0 0 0 0 0 0 0 0 0 0 0 0 0 0 0 0 0 0 0 0 ]
Last = [ 0 0 0 0 0 0 0 0 0 0 0 0 0 0 0 0 0 0 0 0 ]
nS = 7
S = [ 1 1 0 1 0 0 0 0 1 0 0 0 1 0 0 0 1 0 0 1 ]
