n = 20 ; 
T = 96 ; 
Init = [ 0 0 1 0 0 1 0 1 0 0 1 0 1 1 1 1 1 1 0 1 ]
L = [ 7 8 4 3 8 9 9 4 6 4 2 7 9 9 6 4 2 5 2 3 ]
l = [ 7 8 4 3 8 9 9 4 6 4 2 7 9 9 6 4 2 5 2 3 ]
Pmin = [ 72 85 44 28 81 100 100 45 60 34 19 72 100 100 67 41 19 54 19 22 ]
Pmax = [ 72 85 44 28 81 100 100 45 60 34 19 72 100 100 67 41 19 54 19 22 ]
cf = [ 43.974 37.054 20.9458 68.533 64.9897 31.5991 49.4591 54.2409 39.6468 14.4008 23.7733 68.507 48.1208 68.3182 66.8433 15.7447 30.7497 17.785 66.1155 50.9296 ]
c0 = [ 194 227 132 99 215 250 250 136 161 99 59 201 250 250 182 113 65 145 67 79 ]
cp = [ 17.5263 17.131 32.6472 37.6924 19.4603 12.9726 11.3608 30.1383 23.6227 30.3271 41.4124 18.329 10.3022 17.1888 21.8279 28.0796 41.9703 37.0274 39.1008 37.5248 ]
D = [ 275 361 392 458 510 595 656 704 731 827 872 921 984 888 827 727 638 564 652 781 909 739 613 419 269 328 392 471 503 575 649 710 739 804 880 902 954 889 830 741 656 584 650 735 838 703 587 411 312 345 410 478 519 559 603 659 717 811 839 906 972 890 831 740 675 603 704 799 867 737 573 449 289 331 411 486 538 585 646 684 767 829 871 946 1029 936 829 751 667 582 706 815 897 759 578 456 ]
K = 21
nk = [ 0 1 2 3 4 5 6 7 8 9 10 11 12 13 14 15 16 17 18 19 ]
First = [ 0 0 0 0 0 0 0 0 0 0 0 0 0 0 0 0 0 0 0 0 ]
Last = [ 0 0 0 0 0 0 0 0 0 0 0 0 0 0 0 0 0 0 0 0 ]
nS = 8
S = [ 1 0 1 0 0 1 1 1 0 0 0 0 1 0 0 0 1 0 1 0 ]
