n = 40 ; 
T = 48 ; 
Init = [ 1 0 0 1 1 1 0 0 1 0 0 0 1 1 0 1 0 0 0 0 0 1 0 0 0 0 1 0 1 0 1 0 1 1 1 0 0 1 1 1 ]
L = [ 9 4 4 4 5 5 4 4 3 8 4 8 7 7 7 5 5 7 6 9 9 8 3 6 7 6 5 5 9 9 8 3 6 7 6 2 10 3 8 3 ]
l = [ 9 4 4 4 5 5 4 4 3 8 4 8 7 7 7 5 5 7 6 9 9 8 3 6 7 6 5 5 9 9 8 3 6 7 6 2 10 3 8 3 ]
Pmin = [ 100 39 38 51 47 48 37 35 27 84 44 91 72 82 68 58 57 81 68 100 95 79 29 62 70 64 49 48 90 98 80 26 70 80 62 19 100 29 91 20 ]
Pmax = [ 100 39 38 51 47 48 37 35 27 84 44 91 72 82 68 58 57 81 68 100 95 79 29 62 70 64 49 48 90 98 80 26 70 80 62 19 100 29 91 20 ]
cf = [ 10.7767 46.3131 28.8879 24.5784 44.1738 30.1333 46.8165 12.8976 43.1858 9.0437 22.4315 62.7823 49.0534 46.1668 61.7168 31.8823 8.96038 69.2132 32.2015 20.5058 43.7151 46.527 44.5093 58.49 45.4898 69.9227 22.282 29.9531 69.5654 56.122 28.3776 10.3422 32.4351 50.2655 27.9206 69.6089 10.3988 67.7371 12.5065 46.5846 ]
c0 = [ 250 119 118 133 126 141 111 97 79 214 118 238 189 228 175 158 157 210 183 250 245 214 88 180 194 174 131 125 230 250 207 80 184 224 168 67 250 101 239 81 ]
cp = [ 16.2374 35.1065 37.5097 24.0381 27.8463 27.9505 37.2237 31.6889 39.5226 18.1705 30.7123 19.1724 25.3857 18.2875 22.9678 32.1556 36.5882 20.1696 35.9763 21.3775 16.7258 14.5523 40.0427 24.3544 25.2055 18.3582 28.5764 28.4733 12.0826 11.066 19.5778 35.7682 27.7885 19.4365 25.3791 37.61 9.5802 37.1795 13.746 38.647 ]
D = [ 2479 827 1278 1652 2374 951 147 2451 920 1142 496 2370 215 1978 1915 1735 1975 31 154 1958 1971 998 2090 487 218 428 472 353 338 689 1916 330 1516 706 1982 1402 1657 2129 1365 89 783 1861 2459 998 1351 1887 245 838 ]
K = 41
nk = [ 0 1 2 3 4 5 6 7 8 9 10 11 12 13 14 15 16 17 18 19 20 21 22 23 24 25 26 27 28 29 30 31 32 33 34 35 36 37 38 39 ]
First = [ 0 0 0 0 0 0 0 0 0 0 0 0 0 0 0 0 0 0 0 0 0 0 0 0 0 0 0 0 0 0 0 0 0 0 0 0 0 0 0 0 ]
Last = [ 0 0 0 0 0 0 0 0 0 0 0 0 0 0 0 0 0 0 0 0 0 0 0 0 0 0 0 0 0 0 0 0 0 0 0 0 0 0 0 0 ]
nS = 14
S = [ 1 0 1 0 1 1 1 0 0 0 1 0 0 0 0 1 0 0 0 0 1 0 1 1 0 0 0 0 1 0 0 0 0 0 1 1 0 1 0 0 ]
