n = 40 ; 
T = 48 ; 
Init = [ 0 0 0 1 1 1 0 0 0 0 0 1 1 1 1 0 0 1 1 1 1 0 1 1 1 0 1 1 0 1 1 0 1 1 0 1 0 0 1 1 ]
L = [ 9 6 8 3 3 5 9 5 9 8 6 6 4 7 7 7 5 4 5 9 5 8 3 9 9 6 5 9 8 4 8 6 8 4 9 9 10 5 5 7 ]
l = [ 9 6 8 3 3 5 9 5 9 8 6 6 4 7 7 7 5 4 5 9 5 8 3 9 9 6 5 9 8 4 8 6 8 4 9 9 10 5 5 7 ]
Pmin = [ 100 65 81 28 33 64 99 49 93 89 65 60 35 69 76 75 56 42 54 100 48 83 23 96 86 69 53 99 91 34 91 65 84 37 91 89 100 55 43 86 ]
Pmax = [ 100 65 81 28 33 64 99 49 93 89 65 60 35 69 76 75 56 42 54 100 48 83 23 96 86 69 53 99 91 34 91 65 84 37 91 89 100 55 43 86 ]
cf = [ 60.1619 66.3084 69.899 60.3079 14.2538 16.5857 61.7464 65.049 63.1739 60.2362 27.3614 35.2356 46.4488 54.4452 13.2519 34.7079 22.0532 54.4255 14.2971 24.3334 37.278 49.8735 15.5021 68.7695 46.0179 22.9951 26.2318 54.9007 15.2403 20.4512 43.0635 68.4022 16.7596 42.9625 58.7101 24.0134 52.5482 50.4565 19.0625 45.7221 ]
c0 = [ 250 182 213 84 108 169 250 142 249 245 168 158 95 180 197 190 163 127 160 250 139 226 76 250 234 187 151 250 230 109 240 185 222 121 232 230 250 162 134 235 ]
cp = [ 10.2855 25.1897 15.4258 36.3197 33.4632 25.317 13.5628 36.5685 13.8847 20.605 24.8521 25.5652 33.8414 17.4217 21.0281 27.6593 26.9561 30.015 34.0185 14.0384 23.3418 12.6407 37.0921 18.0763 19.9887 39.705 29.4499 13.4685 22.6817 34.2417 22.2391 24.4458 14.4115 32.0919 13.4909 14.3839 11.2134 26.9378 34.1115 24.994 ]
D = [ 661 839 958 1132 1239 1376 1462 1592 1778 1848 1937 2084 2269 2106 1880 1771 1538 1356 1538 1842 1959 1624 1302 959 567 683 840 933 1149 1242 1423 1536 1696 1768 1938 2038 2180 2056 1901 1742 1565 1365 1547 1763 2050 1647 1311 942 ]
K = 41
nk = [ 0 1 2 3 4 5 6 7 8 9 10 11 12 13 14 15 16 17 18 19 20 21 22 23 24 25 26 27 28 29 30 31 32 33 34 35 36 37 38 39 ]
First = [ 0 0 0 0 0 0 0 0 0 0 0 0 0 0 0 0 0 0 0 0 0 0 0 0 0 0 0 0 0 0 0 0 0 0 0 0 0 0 0 0 ]
Last = [ 0 0 0 0 0 0 0 0 0 0 0 0 0 0 0 0 0 0 0 0 0 0 0 0 0 0 0 0 0 0 0 0 0 0 0 0 0 0 0 0 ]
nS = 11
S = [ 1 0 0 0 0 1 0 0 0 0 1 1 0 0 0 0 0 1 0 1 0 0 1 0 0 1 0 1 0 0 0 0 1 0 0 0 0 0 1 0 ]
