n = 40 ; 
T = 48 ; 
Init = [ 1 0 0 0 1 1 0 0 1 0 1 0 1 1 0 0 0 0 0 0 1 0 1 0 1 0 1 0 1 0 0 0 0 0 1 1 1 1 1 0 ]
L = [ 3 9 4 8 6 4 7 2 4 7 4 2 7 4 9 7 7 6 5 6 4 9 5 5 6 9 2 6 6 5 4 6 8 5 4 4 2 9 8 9 ]
l = [ 3 9 4 8 6 4 7 2 4 7 4 2 7 4 9 7 7 6 5 6 4 9 5 5 6 9 2 6 6 5 4 6 8 5 4 4 2 9 8 9 ]
Pmin = [ 19 98 39 88 69 50 70 21 41 72 47 12 71 33 93 74 79 54 43 62 45 93 60 53 63 95 23 63 63 51 41 68 92 58 39 36 21 99 89 90 ]
Pmax = [ 19 98 39 88 69 50 70 21 41 72 47 12 71 33 93 74 79 54 43 62 45 93 60 53 63 95 23 63 63 51 41 68 92 58 39 36 21 99 89 90 ]
cf = [ 58.6775 20.3595 34.5072 17.9286 55.2709 28.8729 14.6426 43.9076 14.4119 39.6394 30.8221 38.0973 50.9031 16.6567 16.057 24.4464 27.9689 66.9274 7.0179 66.6226 48.8235 64.6597 33.6266 61.2653 8.59307 21.3947 14.0739 62.7476 31.825 50.4207 57.3256 20.5026 63.7802 21.8328 31.4312 49.0511 43.7057 39.0738 22.9586 51.1176 ]
c0 = [ 76 250 108 228 176 147 186 69 109 197 137 50 189 102 250 210 218 158 124 176 127 237 172 152 175 242 84 177 175 149 130 183 235 151 122 102 80 250 235 246 ]
cp = [ 39.0059 14.2344 25.6986 18.2126 30.9387 36.6788 16.8876 41.4766 30.867 25.0498 33.846 41.8061 28.1561 29.8643 13.5042 14.5574 32.4477 22.1585 28.4953 29.9172 38.7195 12.4407 31.2082 29.399 25.8414 11.2203 41.9434 19.4171 20.6463 27.1929 35.236 29.8812 11.9864 30.3341 31.6386 35.3355 37.9176 13.9136 16.4509 18.0381 ]
D = [ 466 567 711 860 965 1104 1321 1450 1542 1706 1850 1962 2114 1931 1690 1565 1392 1190 1423 1670 1871 1488 1181 827 566 672 771 916 1032 1148 1265 1292 1492 1606 1687 1824 1950 1737 1621 1465 1279 1116 1319 1558 1772 1408 1128 882 ]
K = 41
nk = [ 0 1 2 3 4 5 6 7 8 9 10 11 12 13 14 15 16 17 18 19 20 21 22 23 24 25 26 27 28 29 30 31 32 33 34 35 36 37 38 39 ]
First = [ 0 0 0 0 0 0 0 0 0 0 0 0 0 0 0 0 0 0 0 0 0 0 0 0 0 0 0 0 0 0 0 0 0 0 0 0 0 0 0 0 ]
Last = [ 0 0 0 0 0 0 0 0 0 0 0 0 0 0 0 0 0 0 0 0 0 0 0 0 0 0 0 0 0 0 0 0 0 0 0 0 0 0 0 0 ]
nS = 10
S = [ 1 0 0 0 0 1 0 0 0 0 1 1 0 0 0 0 1 0 0 0 1 0 0 0 0 0 1 0 0 0 0 0 1 0 0 1 0 0 0 1 ]
