n = 40 ; 
T = 48 ; 
Init = [ 1 1 1 1 1 1 0 1 0 0 1 0 1 1 0 0 1 1 1 1 1 1 0 1 0 1 0 1 1 1 0 0 0 1 0 1 1 0 0 1 ]
L = [ 2 2 4 2 6 6 3 6 9 10 2 9 7 3 2 4 7 5 9 2 10 3 9 9 5 7 4 7 5 8 4 4 8 8 2 8 3 9 3 6 ]
l = [ 2 2 4 2 6 6 3 6 9 10 2 9 7 3 2 4 7 5 9 2 10 3 9 9 5 7 4 7 5 8 4 4 8 8 2 8 3 9 3 6 ]
Pmin = [ 20 16 41 15 70 53 28 59 99 100 15 89 70 25 24 42 72 49 97 22 100 31 92 96 49 82 39 78 50 90 49 42 93 86 27 90 28 95 27 63 ]
Pmax = [ 20 16 41 15 70 53 28 59 99 100 15 89 70 25 24 42 72 49 97 22 100 31 92 96 49 82 39 78 50 90 49 42 93 86 27 90 28 95 27 63 ]
cf = [ 59.1158 30.3834 19.4961 39.115 13.737 63.2235 27.3428 25.49 28.9882 60.3364 18.5639 34.431 24.7927 14.5995 33.7005 59.788 53.2908 57.0657 51.6066 56.4917 26.6372 63.7213 50.9736 20.2693 62.7219 17.2711 10.961 67.6868 66.9519 25.7612 41.8952 56.0678 49.1445 54.3913 25.1828 55.8816 47.6148 45.5256 11.3716 69.603 ]
c0 = [ 77 58 126 59 198 140 84 162 250 250 50 237 193 87 82 128 186 138 250 82 250 93 250 250 139 221 113 216 133 237 133 131 250 238 85 245 79 250 81 175 ]
cp = [ 40.0856 38.9957 38.0526 41.6453 16.5672 27.7919 38.1107 25.3672 15.6939 8.32516 39.7192 18.7997 24.2745 37.4115 40.8048 26.726 18.0839 34.7323 17.4851 41.2291 10.1336 31.8344 16.7864 12.9929 36.5586 16.2023 28.3557 17.4549 22.9384 17.8277 34.466 34.8582 20.3981 13.6572 36.8306 19.261 38.5961 12.3581 35.7064 29.4414 ]
D = [ 601 697 775 946 1033 1210 1338 1387 1546 1628 1740 1924 1997 1799 1681 1485 1310 1121 1289 1496 1731 1464 1179 837 570 691 766 870 1040 1165 1236 1370 1501 1593 1671 1763 1938 1736 1620 1524 1383 1251 1371 1523 1667 1465 1231 966 ]
K = 41
nk = [ 0 1 2 3 4 5 6 7 8 9 10 11 12 13 14 15 16 17 18 19 20 21 22 23 24 25 26 27 28 29 30 31 32 33 34 35 36 37 38 39 ]
First = [ 0 0 0 0 0 0 0 0 0 0 0 0 0 0 0 0 0 0 0 0 0 0 0 0 0 0 0 0 0 0 0 0 0 0 0 0 0 0 0 0 ]
Last = [ 0 0 0 0 0 0 0 0 0 0 0 0 0 0 0 0 0 0 0 0 0 0 0 0 0 0 0 0 0 0 0 0 0 0 0 0 0 0 0 0 ]
nS = 10
S = [ 1 0 0 0 0 1 0 0 0 0 1 0 0 1 0 0 0 0 0 1 0 1 0 0 0 0 0 1 0 0 0 0 0 1 1 0 0 0 0 1 ]
