n = 40 ; 
T = 48 ; 
Init = [ 0 1 0 1 0 1 0 0 1 0 0 1 0 0 0 1 1 1 0 1 1 0 0 0 1 0 0 1 1 0 0 0 1 1 1 0 0 1 0 1 ]
L = [ 6 9 4 6 6 4 9 6 4 10 9 3 9 7 5 5 9 7 3 8 9 6 6 8 2 6 3 6 8 3 4 7 7 6 3 5 4 2 3 4 ]
l = [ 6 9 4 6 6 4 9 6 4 10 9 3 9 7 5 5 9 7 3 8 9 6 6 8 2 6 3 6 8 3 4 7 7 6 3 5 4 2 3 4 ]
Pmin = [ 65 93 48 63 61 34 96 68 42 100 100 34 95 71 53 50 95 77 28 87 100 58 66 86 19 55 31 66 91 27 36 73 70 65 34 53 48 21 32 32 ]
Pmax = [ 65 93 48 63 61 34 96 68 42 100 100 34 95 71 53 50 95 77 28 87 100 58 66 86 19 55 31 66 91 27 36 73 70 65 34 53 48 21 32 32 ]
cf = [ 22.4083 46.762 39.5579 31.5399 38.9672 41.6535 35.3045 34.1101 56.8794 26.7051 44.9173 69.9134 29.5614 60.6644 28.03 43.5648 53.8021 12.4724 20.6242 39.4157 62.2572 19.4845 46.2146 25.6839 25.8194 38.6659 26.7465 25.7563 48.1192 33.4529 50.006 63.5276 10.215 19.5639 25.0674 42.1822 54.2174 53.372 69.2923 41.0968 ]
c0 = [ 174 248 128 180 169 112 247 175 119 250 250 95 242 199 139 131 250 201 96 223 250 151 173 224 61 161 102 182 245 92 118 188 188 169 113 137 147 65 89 97 ]
cp = [ 32.4625 14.4002 32.4834 27.0363 21.8259 37.4817 12.1897 20.7616 26.2088 8.06072 11.3721 35.253 16.136 14.2839 25.7694 30.2021 15.7904 24.0204 33.9016 18.9199 14.8585 26.4883 25.8916 21.8166 39.6338 26.0594 35.6372 23.4971 11.0266 41.3944 38.4176 18.5695 20.9075 17.8578 37.8802 24.3119 37.8227 39.2854 28.2608 37.7913 ]
D = [ 533 672 723 926 981 1158 1299 1386 1506 1616 1800 1940 2032 1923 1710 1585 1405 1213 1458 1647 1819 1504 1222 902 650 727 846 983 1079 1177 1240 1384 1495 1613 1749 1842 1918 1797 1682 1445 1274 1196 1430 1622 1893 1569 1187 885 ]
K = 41
nk = [ 0 1 2 3 4 5 6 7 8 9 10 11 12 13 14 15 16 17 18 19 20 21 22 23 24 25 26 27 28 29 30 31 32 33 34 35 36 37 38 39 ]
First = [ 0 0 0 0 0 0 0 0 0 0 0 0 0 0 0 0 0 0 0 0 0 0 0 0 0 0 0 0 0 0 0 0 0 0 0 0 0 0 0 0 ]
Last = [ 0 0 0 0 0 0 0 0 0 0 0 0 0 0 0 0 0 0 0 0 0 0 0 0 0 0 0 0 0 0 0 0 0 0 0 0 0 0 0 0 ]
nS = 12
S = [ 1 0 0 0 1 1 0 0 0 1 0 0 0 0 0 1 0 0 0 1 0 0 0 1 1 0 0 1 1 0 0 0 0 0 1 0 0 1 0 0 ]
