n = 40 ; 
T = 48 ; 
Init = [ 1 0 1 1 1 0 0 0 1 0 1 1 1 1 0 1 1 0 0 1 0 1 0 0 0 0 1 1 0 0 0 0 0 0 1 1 0 1 0 1 ]
L = [ 4 3 8 6 2 8 4 7 8 5 8 8 8 3 9 9 5 7 4 6 7 4 6 7 7 5 3 4 8 6 5 4 9 9 3 4 2 3 2 7 ]
l = [ 4 3 8 6 2 8 4 7 8 5 8 8 8 3 9 9 5 7 4 6 7 4 6 7 7 5 3 4 8 6 5 4 9 9 3 4 2 3 2 7 ]
Pmin = [ 33 31 79 55 25 85 52 73 83 55 96 82 88 36 99 98 49 71 41 69 76 40 65 66 74 49 20 37 83 58 49 34 99 97 33 43 27 31 23 82 ]
Pmax = [ 33 31 79 55 25 85 52 73 83 55 96 82 88 36 99 98 49 71 41 69 76 40 65 66 74 49 20 37 83 58 49 34 99 97 33 43 27 31 23 82 ]
cf = [ 52.0533 20.5342 20.1383 62.3151 58.1231 23.6658 25.0257 56.3576 48.3905 53.0886 46.9691 40.9764 19.1771 59.177 53.8458 17.578 41.3824 54.1256 66.0043 51.8155 46.4743 19.8515 39.399 24.7369 28.3071 40.9429 19.5814 52.7266 41.1966 41.952 10.2683 23.2499 55.4861 23.4066 15.5651 43.6093 40.0724 33.5907 29.9669 18.4629 ]
c0 = [ 105 103 220 148 76 219 158 196 231 158 250 227 226 109 249 250 148 188 118 195 213 116 171 174 210 143 59 116 212 169 133 110 250 246 90 133 83 85 73 213 ]
cp = [ 34.749 38.1075 19.115 27.2818 40.2629 24.7061 32.2369 27.7512 21.2977 21.5303 15.6964 17.0009 24.4902 27.1783 15.265 14.0608 28.969 22.1023 31.4843 19.5307 27.2655 29.7952 27.4905 18.7174 17.8197 22.2686 41.2835 32.2988 23.8071 21.3471 29.4542 33.706 21.3505 11.3655 36.3151 32.2677 40.3912 34.3832 37.8547 20.2274 ]
D = [ 367 2384 1721 828 1974 1109 1228 890 508 1077 201 2003 1564 1428 289 2371 328 765 1717 1623 2089 1840 2238 1539 76 177 540 1328 1184 1410 1762 1550 1407 1097 2378 995 2206 1220 1885 328 2298 2086 2331 1475 1128 234 1460 1456 ]
K = 41
nk = [ 0 1 2 3 4 5 6 7 8 9 10 11 12 13 14 15 16 17 18 19 20 21 22 23 24 25 26 27 28 29 30 31 32 33 34 35 36 37 38 39 ]
First = [ 0 0 0 0 0 0 0 0 0 0 0 0 0 0 0 0 0 0 0 0 0 0 0 0 0 0 0 0 0 0 0 0 0 0 0 0 0 0 0 0 ]
Last = [ 0 0 0 0 0 0 0 0 0 0 0 0 0 0 0 0 0 0 0 0 0 0 0 0 0 0 0 0 0 0 0 0 0 0 0 0 0 0 0 0 ]
nS = 13
S = [ 1 0 0 0 0 0 1 0 0 1 0 0 0 0 1 0 0 0 0 0 1 0 1 0 0 1 0 1 0 0 0 0 1 0 0 0 1 1 1 1 ]
