n = 40 ; 
T = 48 ; 
Init = [ 1 0 1 1 0 0 1 0 1 1 0 1 1 0 1 1 1 0 0 1 0 1 0 1 1 1 1 0 1 1 1 0 1 0 0 1 1 1 0 0 ]
L = [ 9 3 4 6 7 4 9 7 7 2 7 5 9 9 3 6 3 5 5 5 4 8 3 2 3 7 9 8 8 4 7 8 3 8 8 3 8 9 5 9 ]
l = [ 9 3 4 6 7 4 9 7 7 2 7 5 9 9 3 6 3 5 5 5 4 8 3 2 3 7 9 8 8 4 7 8 3 8 8 3 8 9 5 9 ]
Pmin = [ 96 35 45 61 77 45 90 71 79 18 73 54 100 100 32 70 24 46 41 62 34 91 33 14 25 76 100 94 85 46 77 86 30 80 93 24 88 91 48 99 ]
Pmax = [ 96 35 45 61 77 45 90 71 79 18 73 54 100 100 32 70 24 46 41 62 34 91 33 14 25 76 100 94 85 46 77 86 30 80 93 24 88 91 48 99 ]
cf = [ 67.7916 52.4365 60.0104 59.4681 69.0678 48.2469 12.388 47.5754 54.6766 28.1264 11.555 26.5679 10.3455 61.8852 22.3567 56.9685 44.5553 35.8469 63.1041 38.8138 69.4907 61.7257 61.5907 41.4993 49.1488 33.2536 48.3197 27.4668 11.3853 43.0428 35.2149 9.1769 25.4793 25.2252 61.645 24.5471 66.4722 67.0331 65.1225 51.1488 ]
c0 = [ 250 96 138 160 206 136 227 199 210 61 204 156 250 250 104 183 82 122 114 170 105 244 107 65 86 208 250 237 235 132 215 225 94 220 246 71 235 243 147 250 ]
cp = [ 12.155 23.7994 22.0194 31.4874 20.2489 35.1116 10.4959 14.9258 17.1555 36.6533 29.3595 37.9631 9.64274 15.2356 38.7422 22.9551 39.8741 29.9347 26.2789 29.3599 29.5238 14.6977 34.235 34.2654 36.5695 13.0431 13.2227 23.1219 23.8623 32.2233 18.6655 14.2159 38.4403 16.4694 18.2007 38.6571 15.5401 12.4511 37.4939 24.9012 ]
D = [ 730 2520 29 865 2194 646 341 1171 1806 63 2450 1786 2264 2112 640 1425 634 2301 2248 811 1217 850 898 1960 1582 562 133 1441 443 2470 683 1173 2457 712 2038 2117 1358 2378 755 631 2442 672 2416 2173 251 523 1065 885 ]
K = 41
nk = [ 0 1 2 3 4 5 6 7 8 9 10 11 12 13 14 15 16 17 18 19 20 21 22 23 24 25 26 27 28 29 30 31 32 33 34 35 36 37 38 39 ]
First = [ 0 0 0 0 0 0 0 0 0 0 0 0 0 0 0 0 0 0 0 0 0 0 0 0 0 0 0 0 0 0 0 0 0 0 0 0 0 0 0 0 ]
Last = [ 0 0 0 0 0 0 0 0 0 0 0 0 0 0 0 0 0 0 0 0 0 0 0 0 0 0 0 0 0 0 0 0 0 0 0 0 0 0 0 0 ]
nS = 16
S = [ 1 0 0 1 0 1 0 1 0 0 0 0 1 1 0 0 1 0 1 1 0 1 1 0 1 0 1 0 0 1 0 0 0 1 0 0 0 0 1 0 ]
