n = 40 ; 
T = 48 ; 
Init = [ 1 0 0 1 1 0 1 1 0 1 0 0 0 1 0 0 1 0 1 1 0 1 0 1 0 0 0 0 0 1 1 1 1 1 0 0 1 1 1 0 ]
L = [ 8 8 7 3 6 5 8 7 4 6 7 3 6 4 8 2 7 6 10 9 6 5 8 3 4 4 7 6 5 3 2 10 6 5 8 4 5 2 4 2 ]
l = [ 8 8 7 3 6 5 8 7 4 6 7 3 6 4 8 2 7 6 10 9 6 5 8 3 4 4 7 6 5 3 2 10 6 5 8 4 5 2 4 2 ]
Pmin = [ 80 86 72 26 53 61 80 64 42 66 75 20 71 45 93 19 85 60 100 90 57 48 86 25 47 35 78 59 52 32 21 100 63 56 88 48 56 12 47 20 ]
Pmax = [ 80 86 72 26 53 61 80 64 42 66 75 20 71 45 93 19 85 60 100 90 57 48 86 25 47 35 78 59 52 32 21 100 63 56 88 48 56 12 47 20 ]
cf = [ 52.9222 47.7569 60.2285 48.2439 55.1025 59.0039 20.515 62.7786 52.8505 65.9462 11.377 40.8378 29.2812 38.6451 50.8772 50.4758 60.6997 39.8427 50.5239 22.267 17.2404 21.397 37.9689 24.4247 26.282 41.1843 68.0081 52.039 15.6782 69.4521 49.4404 61.6004 47.209 39.6688 39.8443 32.3115 28.6727 53.3593 25.0901 11.5233 ]
c0 = [ 220 227 196 91 151 164 214 172 123 171 204 79 202 121 250 69 216 173 250 231 164 136 226 73 132 103 215 153 145 101 72 250 163 147 222 140 155 53 125 80 ]
cp = [ 19.7933 15.1396 18.3629 33.3227 24.2433 34.7115 17.8465 13.6023 39.3476 33.5916 22.3105 39.258 20.4632 25.7989 12.0065 41.9302 13.4549 24.7262 9.8208 17.4608 20.4208 29.3217 16.4423 39.8991 32.59 33.071 16.9051 27.9211 21.8413 34.5969 38.7526 9.64046 26.8261 30.0262 22.7643 36.8871 25.6189 37.9685 39.3369 39.9287 ]
D = [ 601 743 846 960 1024 1178 1285 1356 1441 1528 1694 1802 1836 1730 1537 1402 1267 1185 1400 1626 1823 1496 1185 886 646 751 818 985 1090 1167 1295 1450 1624 1719 1857 1921 2078 1911 1689 1483 1360 1146 1371 1637 1833 1536 1251 996 ]
K = 41
nk = [ 0 1 2 3 4 5 6 7 8 9 10 11 12 13 14 15 16 17 18 19 20 21 22 23 24 25 26 27 28 29 30 31 32 33 34 35 36 37 38 39 ]
First = [ 0 0 0 0 0 0 0 0 0 0 0 0 0 0 0 0 0 0 0 0 0 0 0 0 0 0 0 0 0 0 0 0 0 0 0 0 0 0 0 0 ]
Last = [ 0 0 0 0 0 0 0 0 0 0 0 0 0 0 0 0 0 0 0 0 0 0 0 0 0 0 0 0 0 0 0 0 0 0 0 0 0 0 0 0 ]
nS = 11
S = [ 1 0 0 0 0 0 1 0 1 0 0 0 0 0 1 0 0 0 0 0 1 0 1 0 0 0 1 0 0 1 0 1 0 0 0 0 1 0 1 0 ]
