n = 20 ; 
T = 24 ; 
Init = [ 1 1 0 1 1 0 0 0 1 0 1 1 0 1 1 0 1 1 0 1 ]
L = [ 7 6 5 2 5 7 7 5 7 4 8 9 10 8 6 5 2 9 6 7 ]
l = [ 7 6 5 2 5 7 7 5 7 4 8 9 10 8 6 5 2 9 6 7 ]
Pmin = [ 66 69 52 24 50 79 82 44 68 37 91 100 100 90 65 57 18 95 62 66 ]
Pmax = [ 66 69 52 24 50 79 82 44 68 37 91 100 100 90 65 57 18 95 62 66 ]
cf = [ 48.0033 12.2364 36.7092 29.2862 68.54 41.6125 58.2338 53.9384 40.9155 27.9103 55.191 50.5086 41.5998 47.9382 39.4751 30.7827 13.107 14.2111 21.9159 51.2454 ]
c0 = [ 173 180 156 86 148 210 219 134 186 107 229 250 250 240 178 153 71 245 169 189 ]
cp = [ 16.4584 23.8656 34.1722 38.5433 29.699 10.9256 17.4873 25.7496 16.2025 26.4802 12.8203 10.7582 8.17235 22.8605 34.0042 24.2245 40.7287 19.9906 30.1544 16.1723 ]
D = [ 304 407 467 520 572 660 697 772 828 912 967 1053 1098 1042 905 831 746 657 752 900 1032 861 681 503 ]
K = 21
nk = [ -1360000168 32585 -1360000168 32585 0 0 0 0 0 0 0 0 0 0 0 0 0 0 0 0 ]
First = [ 0 0 0 0 0 0 0 0 0 0 0 0 0 0 0 0 0 0 0 0 ]
Last = [ 0 0 0 0 0 0 0 0 0 0 0 0 0 0 0 0 0 0 0 0 ]
nS = 4
S = [ 1 0 0 0 1 0 0 0 1 0 0 0 0 0 0 0 0 0 1 0 ]
