n = 20 ; 
T = 24 ; 
Init = [ 0 0 1 0 0 0 0 0 0 1 0 0 0 0 0 1 0 1 0 0 ]
L = [ 7 8 7 4 8 6 6 3 5 9 9 2 7 4 9 5 6 4 5 10 ]
l = [ 7 8 7 4 8 6 6 3 5 9 9 2 7 4 9 5 6 4 5 10 ]
Pmin = [ 74 90 80 38 89 64 60 24 57 100 100 20 78 37 96 59 65 44 52 100 ]
Pmax = [ 74 90 80 38 89 64 60 24 57 100 100 20 78 37 96 59 65 44 52 100 ]
cf = [ 15.4339 64.4733 16.378 39.4132 69.6139 51.1645 38.8915 67.415 46.5222 12.7088 57.5846 36.2533 36.403 47.3924 12.5704 42.2596 38.7807 15.3131 60.2653 10.5964 ]
c0 = [ 205 234 219 116 226 184 155 75 160 250 250 81 209 103 241 171 178 129 157 250 ]
cp = [ 31.5772 11.6126 16.8362 30.6603 16.0257 23.1881 31.0641 38.9381 29.5323 12.7497 20.5589 40.8721 15.9808 33.901 11.6834 35.6893 20.3279 27.3653 29.3738 9.04051 ]
D = [ 1095 145 7 497 388 54 297 1079 777 259 1227 954 143 98 310 135 1028 982 80 533 1102 1146 1149 394 ]
K = 21
nk = [ 1961040728 32697 1961040728 32697 0 0 0 0 0 0 0 0 0 0 0 0 0 0 0 0 ]
First = [ 0 0 0 0 0 0 0 0 0 0 0 0 0 0 0 0 0 0 0 0 ]
Last = [ 0 0 0 0 0 0 0 0 0 0 0 0 0 0 0 0 0 0 0 0 ]
nS = 5
S = [ 1 0 0 0 0 0 1 0 1 0 0 0 0 0 1 0 0 0 1 0 ]
