n = 20 ; 
T = 24 ; 
Init = [ 0 0 0 1 1 1 0 0 0 1 1 1 1 1 1 1 0 0 1 1 ]
L = [ 5 9 5 6 7 6 8 3 2 7 8 2 5 2 5 8 7 6 9 9 ]
l = [ 5 9 5 6 7 6 8 3 2 7 8 2 5 2 5 8 7 6 9 9 ]
Pmin = [ 51 92 43 75 80 64 90 31 12 72 94 19 53 13 49 90 77 63 95 94 ]
Pmax = [ 51 92 43 75 80 64 90 31 12 72 94 19 53 13 49 90 77 63 95 94 ]
cf = [ 30.1143 21.6433 14.8775 50.3287 24.0041 51.2391 45.6398 58.316 38.3425 53.0946 40.6216 29.7644 41.1767 36.542 41.0183 31.0868 37.1277 16.2625 40.3486 14.3447 ]
c0 = [ 152 248 134 193 220 163 239 88 53 192 250 62 149 59 129 237 200 178 242 246 ]
cp = [ 33.8992 12.5672 31.3 27.4516 15.4097 27.1947 20.3459 33.9048 41.8991 18.0388 16.7551 41.4911 25.1316 38.3697 36.9943 19.145 31.895 35.8641 15.3863 15.6628 ]
D = [ 696 150 561 32 1192 635 598 203 332 914 765 793 1206 922 400 289 548 1171 55 1173 834 726 370 259 ]
K = 21
nk = [ 0 0 0 0 0 0 0 0 0 0 0 0 0 0 0 0 0 0 0 0 ]
First = [ 0 0 0 0 0 0 0 0 0 0 0 0 0 0 0 0 0 0 0 0 ]
Last = [ 0 0 0 0 0 0 0 0 0 0 0 0 0 0 0 0 0 0 0 0 ]
nS = 6
S = [ 1 0 0 0 0 0 0 0 0 1 1 1 0 1 0 0 0 0 1 0 ]
