n = 20 ; 
T = 24 ; 
Init = [ 0 0 0 1 0 0 1 1 1 1 0 1 0 1 0 0 0 0 1 0 ]
L = [ 7 4 3 8 4 7 9 6 6 3 5 7 7 2 4 3 6 2 9 3 ]
l = [ 7 4 3 8 4 7 9 6 6 3 5 7 7 2 4 3 6 2 9 3 ]
Pmin = [ 82 41 22 88 38 70 92 66 61 29 54 80 76 23 37 37 69 18 96 20 ]
Pmax = [ 82 41 22 88 38 70 92 66 61 29 54 80 76 23 37 37 69 18 96 20 ]
cf = [ 33.8087 27.7719 61.3199 19.6571 30.2781 69.8185 15.9087 58.828 45.0912 42.1348 69.9554 12.309 30.7909 41.8973 7.6384 18.3869 23.6294 52.1333 45.0728 29.1552 ]
c0 = [ 217 126 77 241 119 194 246 177 159 83 158 223 208 74 110 119 197 69 250 63 ]
cp = [ 22.2906 37.1649 41.0591 19.419 32.6908 22.5959 19.1151 35.2968 22.4289 40.9634 23.9106 20.2945 16.4746 35.6741 27.6449 38.3464 19.6469 40.8608 10.7736 40.6391 ]
D = [ 319 360 427 461 499 549 636 670 744 801 843 900 920 861 778 709 625 546 629 735 859 694 548 393 ]
K = 21
nk = [ -1360000168 32585 -1360000168 32585 0 0 0 0 0 0 0 0 0 0 0 0 0 0 0 0 ]
First = [ 0 0 0 0 0 0 0 0 0 0 0 0 0 0 0 0 0 0 0 0 ]
Last = [ 0 0 0 0 0 0 0 0 0 0 0 0 0 0 0 0 0 0 0 0 ]
nS = 5
S = [ 1 0 0 0 0 0 0 0 0 0 0 1 0 1 0 1 0 1 0 0 ]
