n = 20 ; 
T = 24 ; 
Init = [ 0 1 1 1 1 0 1 1 1 0 1 0 1 0 1 1 0 0 0 0 ]
L = [ 5 8 8 7 5 2 7 7 8 4 9 5 5 9 8 10 6 5 6 8 ]
l = [ 5 8 8 7 5 2 7 7 8 4 9 5 5 9 8 10 6 5 6 8 ]
Pmin = [ 50 80 88 83 54 24 69 74 84 43 96 55 53 91 88 100 60 63 63 84 ]
Pmax = [ 50 80 88 83 54 24 69 74 84 43 96 55 53 91 88 100 60 63 63 84 ]
cf = [ 21.941 69.8265 26.4055 57.336 17.4362 47.7775 67.5546 12.7158 43.3341 54.0707 23.0874 18.6692 27.0686 66.5746 47.1322 64.5238 44.2827 59.6242 53.1868 69.9482 ]
c0 = [ 144 215 236 220 153 82 179 207 221 131 250 153 138 231 233 250 170 176 175 222 ]
cp = [ 17.1336 11.7898 21.9718 24.7052 30.0612 39.4159 14.9264 32.5361 9.45872 37.154 17.9974 20.5576 30.4883 13.8737 16.5245 10.3211 29.2096 27.9996 36.6743 21.5381 ]
D = [ 391 457 513 586 645 692 811 857 921 1011 1077 1112 1220 1125 1018 910 844 733 859 997 1095 921 726 523 ]
K = 21
nk = [ -1360000168 32585 -1360000168 32585 0 0 0 0 0 0 0 0 0 0 0 0 0 0 0 0 ]
First = [ 0 0 0 0 0 0 0 0 0 0 0 0 0 0 0 0 0 0 0 0 ]
Last = [ 0 0 0 0 0 0 0 0 0 0 0 0 0 0 0 0 0 0 0 0 ]
nS = 10
S = [ 1 1 1 0 1 0 0 1 0 0 0 0 1 1 0 1 1 0 1 0 ]
