n = 20 ; 
T = 24 ; 
Init = [ 1 0 1 1 1 1 0 0 1 1 1 0 0 1 1 1 0 0 1 0 ]
L = [ 6 5 3 6 4 6 3 2 6 9 4 9 4 9 6 5 7 6 5 3 ]
l = [ 6 5 3 6 4 6 3 2 6 9 4 9 4 9 6 5 7 6 5 3 ]
Pmin = [ 63 49 24 74 42 60 31 19 61 98 44 96 39 97 58 50 77 63 55 31 ]
Pmax = [ 63 49 24 74 42 60 31 19 61 98 44 96 39 97 58 50 77 63 55 31 ]
cf = [ 39.1714 50.9627 36.0435 21.6161 55.5967 45.7039 44.1705 29.029 35.6934 42.8862 17.9021 57.6006 39.4954 22.5887 52.768 10.9617 15.8282 36.8263 55.8971 17.4855 ]
c0 = [ 169 150 70 209 124 175 101 72 158 250 118 250 104 250 171 149 201 179 159 87 ]
cp = [ 30.3816 28.0884 39.5737 26.979 36.9272 22.43 34.1138 40.9808 25.9903 12.5239 41.1459 10.2529 26.4295 18.2217 31.4849 25.2043 12.7227 28.4407 21.1278 38.1315 ]
D = [ 219 311 369 426 473 500 575 630 691 756 790 844 908 854 790 737 665 584 677 797 852 710 539 405 ]
K = 21
nk = [ 0 0 0 0 0 0 0 0 0 0 0 0 0 0 0 0 0 0 0 0 ]
First = [ 0 0 0 0 0 0 0 0 0 0 0 0 0 0 0 0 0 0 0 0 ]
Last = [ 0 0 0 0 0 0 0 0 0 0 0 0 0 0 0 0 0 0 0 0 ]
nS = 4
S = [ 1 0 0 0 1 0 1 0 0 0 0 1 0 0 0 0 0 0 0 0 ]
