n = 20 ; 
T = 24 ; 
Init = [ 1 0 1 0 1 1 0 1 1 0 1 0 1 0 1 0 0 0 0 1 ]
L = [ 3 4 7 2 10 6 5 4 3 10 8 6 3 4 7 7 6 5 8 5 ]
l = [ 3 4 7 2 10 6 5 4 3 10 8 6 3 4 7 7 6 5 8 5 ]
Pmin = [ 23 38 67 20 100 60 56 40 20 100 89 67 22 36 84 81 60 60 89 44 ]
Pmax = [ 23 38 67 20 100 60 56 40 20 100 89 67 22 36 84 81 60 60 89 44 ]
cf = [ 32.7317 19.5021 20.9727 41.7198 42.6682 17.5517 22.2044 14.1171 63.0326 16.5752 21.5764 11.5668 60.8951 22.2162 58.6285 15.361 68.2509 37.3618 34.2865 41.2358 ]
c0 = [ 70 118 172 76 250 170 159 114 72 250 237 176 75 98 222 209 173 168 245 116 ]
cp = [ 37.513 31.3324 20.3406 39.7495 11.1754 26.9001 28.7584 40.914 37.3917 8.11314 22.2556 26.0672 33.9896 36.5005 24.9189 26.2684 18.9469 33.5626 17.9888 25.5047 ]
D = [ 994 35 922 487 35 303 720 1056 1015 719 1079 331 949 179 968 447 373 91 578 245 266 845 329 99 ]
K = 21
nk = [ 1961040728 32697 1961040728 32697 0 0 0 0 0 0 0 0 0 0 0 0 0 0 0 0 ]
First = [ 0 0 0 0 0 0 0 0 0 0 0 0 0 0 0 0 0 0 0 0 ]
Last = [ 0 0 0 0 0 0 0 0 0 0 0 0 0 0 0 0 0 0 0 0 ]
nS = 6
S = [ 1 1 0 0 0 0 0 0 1 1 0 0 0 0 0 1 0 0 1 0 ]
