n = 20 ; 
T = 24 ; 
Init = [ 1 0 0 0 1 1 0 0 1 0 0 1 1 1 0 1 0 1 0 1 ]
L = [ 7 8 7 3 3 3 10 8 4 3 8 8 5 9 3 10 9 5 6 9 ]
l = [ 7 8 7 3 3 3 10 8 4 3 8 8 5 9 3 10 9 5 6 9 ]
Pmin = [ 77 85 72 16 21 29 99 79 38 27 82 85 53 86 30 100 95 59 64 95 ]
Pmax = [ 77 85 72 16 21 29 99 79 38 27 82 85 53 86 30 100 95 59 64 95 ]
cf = [ 10.3104 20.5084 41.105 39.8702 24.6276 18.173 54.5247 41.5295 65.6947 24.4487 13.583 69.3365 63.3273 34.3535 41.3745 41.6298 43.9109 61.8392 14.6244 23.9164 ]
c0 = [ 197 227 190 61 75 85 250 213 116 80 222 216 145 229 87 250 249 161 173 250 ]
cp = [ 20.4734 22.3622 24.6302 40.0167 38.465 35.4952 15.3811 20.126 37.0069 38.95 20.1133 20.4472 34.0674 17.2784 40.8434 11.91 18.2143 27.0361 22.4123 10.1121 ]
D = [ 269 348 420 496 525 624 652 740 805 883 959 1018 1074 988 916 837 742 664 760 872 926 766 623 488 ]
K = 21
nk = [ 0 0 0 0 0 0 0 0 0 0 0 0 0 0 0 0 0 0 0 0 ]
First = [ 0 0 0 0 0 0 0 0 0 0 0 0 0 0 0 0 0 0 0 0 ]
Last = [ 0 0 0 0 0 0 0 0 0 0 0 0 0 0 0 0 0 0 0 0 ]
nS = 7
S = [ 1 0 1 1 0 0 0 0 1 0 1 0 0 0 0 0 1 0 1 0 ]
