n = 20 ; 
T = 48 ; 
Init = [ 0 1 1 1 0 1 0 1 1 0 0 1 0 1 0 0 0 1 1 1 ]
L = [ 6 5 8 9 2 2 7 4 7 7 8 6 6 9 3 10 6 8 2 8 ]
l = [ 6 5 8 9 2 2 7 4 7 7 8 6 6 9 3 10 6 8 2 8 ]
Pmin = [ 60 47 85 89 25 16 71 40 76 69 93 64 62 95 30 100 68 86 17 84 ]
Pmax = [ 60 47 85 89 25 16 71 40 76 69 93 64 62 95 30 100 68 86 17 84 ]
cf = [ 34.4677 26.4813 36.2756 58.2569 42.3618 66.0129 14.4021 16.4128 16.0372 59.4928 7.6272 31.7051 37.9985 32.7517 22.0667 48.7466 44.3899 32.1648 31.7673 48.0293 ]
c0 = [ 159 137 223 241 73 53 185 122 194 181 250 179 165 250 98 250 194 234 69 224 ]
cp = [ 20.9216 33.7271 15.4147 11.8662 41.6288 41.8476 25.0341 34.9941 26.4716 14.863 10.9928 26.1798 29.761 15.6032 36.69 9.89823 19.6811 21.1949 41.2352 16.1548 ]
D = [ 856 284 394 1258 976 1248 0 857 977 1036 251 257 153 844 19 870 763 169 1061 946 1233 1074 170 584 319 476 154 1077 986 656 631 565 940 1025 546 639 996 547 219 696 305 469 953 459 36 972 52 800 ]
K = 21
nk = [ 1961040728 32697 1961040728 32697 0 0 0 0 0 0 0 0 0 0 0 0 0 0 0 0 ]
First = [ 0 0 0 0 0 0 0 0 0 0 0 0 0 0 0 0 0 0 0 0 ]
Last = [ 0 0 0 0 0 0 0 0 0 0 0 0 0 0 0 0 0 0 0 0 ]
nS = 6
S = [ 1 0 0 0 0 0 1 0 1 0 1 0 0 1 0 0 0 0 0 1 ]
