n = 20 ; 
T = 48 ; 
Init = [ 0 1 0 0 0 1 0 0 1 0 1 0 1 0 0 0 1 1 1 0 ]
L = [ 9 2 6 7 4 6 5 6 8 3 7 3 2 5 2 5 3 8 4 2 ]
l = [ 9 2 6 7 4 6 5 6 8 3 7 3 2 5 2 5 3 8 4 2 ]
Pmin = [ 100 22 56 72 33 62 41 65 84 30 75 28 21 52 26 54 27 87 45 25 ]
Pmax = [ 100 22 56 72 33 62 41 65 84 30 75 28 21 52 26 54 27 87 45 25 ]
cf = [ 39.755 32.5538 47.8151 29.6527 67.0825 17.6832 59.7204 50.4465 62.6194 50.1635 36.2412 8.3192 59.163 41.0861 21.707 36.1888 36.1797 54.495 41.0431 51.3224 ]
c0 = [ 250 66 147 189 103 179 120 167 217 103 212 82 79 140 92 161 87 239 139 81 ]
cp = [ 11.3248 40.0803 19.5244 25.7101 37.2575 20.7404 28.317 34.964 19.9671 40.1755 15.4976 26.9748 41.5191 34.3651 36.4602 22.9935 38.4296 12.0453 28.4703 38.8358 ]
D = [ 657 506 867 474 734 742 461 293 683 413 702 201 821 348 562 774 518 398 462 401 82 929 422 914 468 656 374 933 409 917 635 61 419 497 535 147 233 996 441 916 404 138 112 220 486 674 994 1004 ]
K = 21
nk = [ 1961040728 32697 1961040728 32697 0 0 0 0 0 0 0 0 0 0 0 0 0 0 0 0 ]
First = [ 0 0 0 0 0 0 0 0 0 0 0 0 0 0 0 0 0 0 0 0 ]
Last = [ 0 0 0 0 0 0 0 0 0 0 0 0 0 0 0 0 0 0 0 0 ]
nS = 9
S = [ 1 1 0 0 0 1 1 1 1 1 0 0 1 0 1 0 0 0 0 0 ]
