n = 20 ; 
T = 48 ; 
Init = [ 1 0 1 0 0 0 1 0 1 1 1 1 1 1 0 0 1 0 0 1 ]
L = [ 2 6 7 3 10 3 3 9 6 6 5 4 5 8 9 5 8 3 5 8 ]
l = [ 2 6 7 3 10 3 3 9 6 6 5 4 5 8 9 5 8 3 5 8 ]
Pmin = [ 17 62 81 21 100 37 32 96 65 64 48 40 54 86 97 51 78 35 54 78 ]
Pmax = [ 17 62 81 21 100 37 32 96 65 64 48 40 54 86 97 51 78 35 54 78 ]
cf = [ 48.7312 18.1605 26.2064 30.2096 68.5599 47.705 65.6927 48.4724 46.6029 62.9274 56.74 39.4129 12.8414 66.2544 40.088 61.0111 13.8744 50.7118 51.1841 47.0628 ]
c0 = [ 70 163 209 62 250 104 91 250 179 171 126 108 151 236 246 138 214 108 147 208 ]
cp = [ 38.7734 27.2362 20.5956 39.362 10.4413 36.2569 36.1946 12.8467 19.2908 30.2992 31.35 38.1186 14.3008 26.5468 14.6009 25.6719 15.15 34.0627 35.5043 17.7933 ]
D = [ 252 316 363 425 478 581 651 681 741 814 873 966 1005 954 853 759 704 637 704 822 916 749 630 454 329 365 453 493 560 597 673 731 773 862 916 967 1002 938 866 785 700 566 681 781 834 688 552 405 ]
K = 21
nk = [ -1360000072 32585 -1360000072 32585 0 0 0 0 0 0 0 0 0 0 0 0 0 0 0 0 ]
First = [ 0 0 0 0 0 0 0 0 0 0 0 0 0 0 0 0 0 0 0 0 ]
Last = [ 0 0 0 0 0 0 0 0 0 0 0 0 0 0 0 0 0 0 0 0 ]
nS = 7
S = [ 1 0 1 0 0 0 0 0 1 0 1 1 0 0 0 1 0 0 1 0 ]
