n = 20 ; 
T = 48 ; 
Init = [ 0 1 1 1 0 0 0 0 1 1 1 0 1 1 0 0 1 0 0 1 ]
L = [ 3 3 7 3 8 9 9 6 9 4 5 8 5 7 8 3 9 6 5 6 ]
l = [ 3 3 7 3 8 9 9 6 9 4 5 8 5 7 8 3 9 6 5 6 ]
Pmin = [ 32 24 81 35 88 90 98 68 95 40 45 87 57 77 85 33 100 62 46 64 ]
Pmax = [ 32 24 81 35 88 90 98 68 95 40 45 87 57 77 85 33 100 62 46 64 ]
cf = [ 52.2093 14.3123 50.2639 29.167 60.285 25.899 52.1152 56.0602 56.1228 52.8006 22.3698 52.1641 14.4898 38.8436 24.0929 12.8598 24.7555 49.4214 60.1716 45.3261 ]
c0 = [ 108 76 210 106 244 243 250 190 245 116 123 237 158 209 231 93 250 170 123 167 ]
cp = [ 28.7625 37.7278 15.3091 30.4004 14.9671 14.1722 14.358 25.5476 12.484 31.3124 33.5415 16.3437 30.9145 25.7546 23.0106 36.9788 11.0737 25.9833 34.0297 31.1942 ]
D = [ 163 32 598 775 892 347 956 858 1048 1094 1098 679 1245 688 1138 1044 1080 767 755 792 411 1073 422 566 427 777 688 795 350 484 283 513 516 882 1288 101 1229 938 958 969 724 749 341 663 130 172 399 1210 ]
K = 21
nk = [ 1961040728 32697 1961040728 32697 0 0 0 0 0 0 0 0 0 0 0 0 0 0 0 0 ]
First = [ 0 0 0 0 0 0 0 0 0 0 0 0 0 0 0 0 0 0 0 0 ]
Last = [ 0 0 0 0 0 0 0 0 0 0 0 0 0 0 0 0 0 0 0 0 ]
nS = 6
S = [ 1 0 0 1 0 0 0 0 0 0 0 0 0 0 1 1 0 1 1 0 ]
