n = 20 ; 
T = 48 ; 
Init = [ 0 1 0 1 1 1 1 1 0 1 1 0 1 1 0 0 0 1 0 0 ]
L = [ 8 6 9 3 2 6 5 5 8 4 4 7 7 8 7 10 9 3 4 7 ]
l = [ 8 6 9 3 2 6 5 5 8 4 4 7 7 8 7 10 9 3 4 7 ]
Pmin = [ 88 60 98 21 24 66 53 41 96 48 32 70 83 84 73 100 100 28 44 68 ]
Pmax = [ 88 60 98 21 24 66 53 41 96 48 32 70 83 84 73 100 100 28 44 68 ]
cf = [ 47.9041 36.7076 44.5798 47.5009 67.0065 32.6217 28.1972 26.498 67.6637 15.112 31.4949 39.1666 27.0003 63.0378 37.2425 20.6228 42.0981 35.0666 35.8368 39.9158 ]
c0 = [ 232 158 250 82 89 184 158 113 250 139 109 185 216 213 198 250 250 78 124 175 ]
cp = [ 27.3015 23.0156 14.6675 39.7829 41.4288 18.6371 27.9929 24.4552 18.8463 29.5604 30.2639 22.1239 16.0485 15.9796 29.9627 9.0959 10.5473 37.0446 23.525 34.8153 ]
D = [ 147 470 1009 492 523 426 754 922 509 1200 1046 61 525 531 882 464 1051 35 860 1003 199 79 378 605 1215 991 881 649 283 188 40 430 659 1049 922 1182 198 399 827 707 322 597 769 847 1128 374 35 901 ]
K = 21
nk = [ 1961040824 32697 1961040824 32697 0 0 0 0 0 0 0 0 0 0 0 0 0 0 0 0 ]
First = [ 0 0 0 0 0 0 0 0 0 0 0 0 0 0 0 0 0 0 0 0 ]
Last = [ 0 0 0 0 0 0 0 0 0 0 0 0 0 0 0 0 0 0 0 0 ]
nS = 7
S = [ 1 0 0 0 1 0 0 0 0 0 0 0 1 1 0 1 1 1 0 0 ]
