n = 20 ; 
T = 48 ; 
Init = [ 1 1 1 1 1 1 1 0 0 0 0 0 0 1 1 1 1 0 1 0 ]
L = [ 8 3 6 8 4 9 6 8 6 9 6 8 9 3 7 7 5 6 2 8 ]
l = [ 8 3 6 8 4 9 6 8 6 9 6 8 9 3 7 7 5 6 2 8 ]
Pmin = [ 91 27 57 85 39 95 62 87 64 95 55 88 98 32 82 78 52 58 21 86 ]
Pmax = [ 91 27 57 85 39 95 62 87 64 95 55 88 98 32 82 78 52 58 21 86 ]
cf = [ 20.9318 52.2938 38.0532 10.3505 8.08918 17.7867 69.6038 39.105 65.4235 65.7293 37.8929 43.9848 16.6189 10.7248 62.2569 13.83 18.649 65.1933 68.8822 42.1261 ]
c0 = [ 242 80 160 221 126 240 160 239 173 240 152 225 250 98 224 218 149 167 78 231 ]
cp = [ 17.2853 27.7781 29.4853 22.3785 37.9799 13.0752 22.5049 19.7802 22.4777 14.5484 23.6712 24.469 18.2798 35.0934 15.0824 14.4513 29.2791 21.0149 41.2646 18.112 ]
D = [ 6 499 1003 508 1082 758 443 582 476 38 165 775 1010 831 847 1033 1063 839 370 965 747 1033 406 953 1113 240 1100 11 137 1076 765 143 223 416 651 1305 1174 1094 535 298 1131 700 1073 789 179 569 470 1242 ]
K = 21
nk = [ 1961040728 32697 1961040728 32697 0 0 0 0 0 0 0 0 0 0 0 0 0 0 0 0 ]
First = [ 0 0 0 0 0 0 0 0 0 0 0 0 0 0 0 0 0 0 0 0 ]
Last = [ 0 0 0 0 0 0 0 0 0 0 0 0 0 0 0 0 0 0 0 0 ]
nS = 8
S = [ 1 0 0 1 1 0 0 1 0 0 0 0 0 0 0 0 1 1 1 1 ]
