n = 20 ; 
T = 48 ; 
Init = [ 1 1 0 1 1 1 0 0 0 0 1 0 0 1 1 1 1 0 1 0 ]
L = [ 8 6 5 8 4 9 4 3 10 9 7 6 3 2 6 4 6 10 7 3 ]
l = [ 8 6 5 8 4 9 4 3 10 9 7 6 3 2 6 4 6 10 7 3 ]
Pmin = [ 88 61 57 85 47 100 33 23 100 100 72 72 32 24 67 45 60 100 79 24 ]
Pmax = [ 88 61 57 85 47 100 33 23 100 100 72 72 32 24 67 45 60 100 79 24 ]
cf = [ 53.3977 15.309 14.1042 47.531 56.7525 53.567 33.3326 30.5938 38.2474 28.2465 41.145 26.5684 36.198 50.2847 61.4821 21.4249 58.7979 44.1698 14.1084 13.3812 ]
c0 = [ 239 159 151 226 140 250 106 85 250 250 189 201 89 91 181 131 168 250 221 71 ]
cp = [ 10.8956 21.0401 29.2 26.7819 30.442 10.7236 30.3247 32.5327 9.02111 11.773 17.1749 32.1133 33.2494 34.0099 17.5475 23.2944 30.1487 11.9411 24.6625 38.9681 ]
D = [ 1204 459 1204 29 425 500 785 1145 545 739 54 210 906 197 1027 640 1135 288 1115 496 716 534 890 35 136 718 326 1180 198 469 39 133 928 1243 162 84 475 947 1229 1019 417 14 1229 54 212 987 694 78 ]
K = 21
nk = [ 1961040824 32697 1961040824 32697 0 0 0 0 0 0 0 0 0 0 0 0 0 0 0 0 ]
First = [ 0 0 0 0 0 0 0 0 0 0 0 0 0 0 0 0 0 0 0 0 ]
Last = [ 0 0 0 0 0 0 0 0 0 0 0 0 0 0 0 0 0 0 0 0 ]
nS = 5
S = [ 1 0 0 0 1 0 0 0 0 1 1 0 1 0 0 0 0 0 0 0 ]
