n = 20 ; 
T = 48 ; 
Init = [ 1 0 0 0 0 1 1 1 1 0 0 0 0 1 0 0 1 0 1 0 ]
L = [ 5 3 3 8 8 3 2 7 3 8 9 3 10 2 6 10 6 9 3 7 ]
l = [ 5 3 3 8 8 3 2 7 3 8 9 3 10 2 6 10 6 9 3 7 ]
Pmin = [ 49 31 41 88 89 27 14 77 25 80 98 27 100 21 71 100 59 94 31 74 ]
Pmax = [ 49 31 41 88 89 27 14 77 25 80 98 27 100 21 71 100 59 94 31 74 ]
cf = [ 13.0862 61.4119 39.4186 60.0472 25.452 9.6316 36.5539 37.158 49.2098 11.0776 33.6692 16.0332 34.1373 63.9833 38.2208 29.3551 18.5858 37.9521 16.8072 42.7933 ]
c0 = [ 138 94 120 229 244 81 65 212 78 218 250 92 250 66 196 250 168 237 95 206 ]
cp = [ 29.4059 32.6468 34.3692 19.1293 17.679 31.5314 41.7323 22.3511 41.3876 20.2657 16.2668 38.3438 9.03172 41.3385 22.3834 10.7102 21.2415 11.5604 33.9904 18.7887 ]
D = [ 244 316 393 440 528 576 637 714 793 821 920 988 1036 937 862 779 697 609 687 822 909 759 616 449 281 353 407 463 500 585 618 686 719 814 849 894 975 881 825 761 679 579 705 809 913 764 640 499 ]
K = 21
nk = [ -1360000168 32585 -1360000168 32585 0 0 0 0 0 0 0 0 0 0 0 0 0 0 0 0 ]
First = [ 0 0 0 0 0 0 0 0 0 0 0 0 0 0 0 0 0 0 0 0 ]
Last = [ 0 0 0 0 0 0 0 0 0 0 0 0 0 0 0 0 0 0 0 0 ]
nS = 4
S = [ 1 0 0 0 0 0 0 0 1 0 0 0 0 1 0 0 0 1 0 0 ]
