n = 20 ; 
T = 48 ; 
Init = [ 1 0 0 1 0 1 0 1 1 1 0 0 1 1 0 1 0 0 1 0 ]
L = [ 2 4 7 6 5 3 9 9 7 3 2 6 7 3 3 3 2 4 4 9 ]
l = [ 2 4 7 6 5 3 9 9 7 3 2 6 7 3 3 3 2 4 4 9 ]
Pmin = [ 13 46 84 70 50 28 92 88 75 31 22 64 77 31 26 32 29 43 45 93 ]
Pmax = [ 13 46 84 70 50 28 92 88 75 31 22 64 77 31 26 32 29 43 45 93 ]
cf = [ 53.4002 16.9943 48.531 27.8297 40.0973 43.3694 8.75707 34.6785 56.6498 64.2113 38.475 33.9431 30.8797 53.8773 58.561 19.2847 22.103 46.929 55.3707 50.2104 ]
c0 = [ 56 131 217 186 148 89 250 234 199 95 72 175 202 89 85 95 88 136 127 241 ]
cp = [ 41.4761 32.16 24.6135 28.2497 26.7182 36.772 12.579 13.6035 13.1255 29.1811 40.2324 27.1518 17.6327 36.381 41.0496 40.0662 40.26 24.0593 33.559 16.0201 ]
D = [ 224 281 338 387 420 476 541 591 669 720 779 817 887 790 712 656 584 503 570 679 766 624 509 347 233 285 327 378 432 468 538 593 639 704 741 782 851 793 732 661 601 517 609 704 798 631 487 379 ]
K = 21
nk = [ -1360000072 32585 -1360000072 32585 0 0 0 0 0 0 0 0 0 0 0 0 0 0 0 0 ]
First = [ 0 0 0 0 0 0 0 0 0 0 0 0 0 0 0 0 0 0 0 0 ]
Last = [ 0 0 0 0 0 0 0 0 0 0 0 0 0 0 0 0 0 0 0 0 ]
nS = 4
S = [ 1 0 1 0 0 0 0 0 0 1 0 0 0 0 0 1 0 0 0 0 ]
