n = 20 ; 
T = 48 ; 
Init = [ 1 0 0 0 1 0 1 0 1 1 0 1 0 0 0 0 0 1 0 1 ]
L = [ 9 4 3 4 3 8 9 2 2 4 7 9 6 9 4 8 3 9 8 3 ]
l = [ 9 4 3 4 3 8 9 2 2 4 7 9 6 9 4 8 3 9 8 3 ]
Pmin = [ 98 40 35 46 29 90 100 15 24 38 85 93 72 100 41 86 26 100 89 34 ]
Pmax = [ 98 40 35 46 29 90 100 15 24 38 85 93 72 100 41 86 26 100 89 34 ]
cf = [ 46.9021 11.3707 56.9657 44.7372 49.4161 62.2549 62.8125 52.7238 48.6584 41.8414 34.0202 16.6044 20.6702 46.8581 18.7496 36.7605 54.4316 12.7744 22.8548 24.2387 ]
c0 = [ 250 121 99 121 86 230 250 64 79 106 223 250 191 250 121 235 85 250 225 101 ]
cp = [ 15.586 37.5221 33.3859 36.6416 36.221 20.7601 18.0077 41.5198 41.4751 22.0381 22.3563 11.6053 31.2365 9.81027 38.9827 19.7781 35.0344 13.1581 13.7061 35.9481 ]
D = [ 301 355 400 505 560 616 685 762 805 864 945 998 1057 974 919 817 728 609 756 834 938 775 642 439 270 364 398 484 507 580 655 717 793 829 918 936 1036 917 833 794 708 613 718 846 936 797 608 489 ]
K = 21
nk = [ -1360000168 32585 -1360000168 32585 0 0 0 0 0 0 0 0 0 0 0 0 0 0 0 0 ]
First = [ 0 0 0 0 0 0 0 0 0 0 0 0 0 0 0 0 0 0 0 0 ]
Last = [ 0 0 0 0 0 0 0 0 0 0 0 0 0 0 0 0 0 0 0 0 ]
nS = 6
S = [ 1 1 0 0 0 1 1 0 0 0 0 0 0 1 0 0 0 0 1 0 ]
