n = 20 ; 
T = 48 ; 
Init = [ 0 0 1 0 1 0 0 0 0 0 1 0 0 0 0 1 1 0 0 1 ]
L = [ 8 4 9 2 9 9 8 7 7 9 5 2 8 9 6 8 3 8 9 9 ]
l = [ 8 4 9 2 9 9 8 7 7 9 5 2 8 9 6 8 3 8 9 9 ]
Pmin = [ 94 47 98 18 99 97 87 79 63 97 44 20 85 98 65 78 25 89 100 98 ]
Pmax = [ 94 47 98 18 99 97 87 79 63 97 44 20 85 98 65 78 25 89 100 98 ]
cf = [ 60.9753 61.4388 32.9148 16.5481 64.8661 60.9742 18.2795 45.1182 12.619 57.1316 44.0789 29.881 42.6246 55.4529 54.6191 16.7253 34.2713 57.4959 67.5203 60.531 ]
c0 = [ 241 139 249 62 250 250 219 218 170 250 125 80 225 250 168 205 80 233 250 250 ]
cp = [ 16.8401 32.9902 16.4234 39.8365 17.5269 11.485 21.6471 19.1056 21.4437 8.91926 32.8008 40.8722 12.4282 19.248 25.6573 13.167 40.1012 13.4029 13.2864 15.5424 ]
D = [ 392 434 487 561 651 718 756 847 887 968 1046 1141 1182 1066 1030 894 825 717 881 993 1112 983 794 618 410 507 537 635 658 753 814 896 960 1045 1099 1176 1212 1132 1023 932 850 755 897 1009 1093 906 756 528 ]
K = 21
nk = [ -1360000168 32585 -1360000168 32585 0 0 0 0 0 0 0 0 0 0 0 0 0 0 0 0 ]
First = [ 0 0 0 0 0 0 0 0 0 0 0 0 0 0 0 0 0 0 0 0 ]
Last = [ 0 0 0 0 0 0 0 0 0 0 0 0 0 0 0 0 0 0 0 0 ]
nS = 3
S = [ 1 0 0 0 0 0 0 1 0 0 0 0 0 0 0 0 0 1 0 0 ]
