n = 20 ; 
T = 48 ; 
Init = [ 0 0 1 0 0 0 1 0 1 0 1 1 0 1 1 1 1 1 1 1 ]
L = [ 2 2 5 9 6 8 3 5 4 7 8 6 3 4 5 10 7 4 6 4 ]
l = [ 2 2 5 9 6 8 3 5 4 7 8 6 3 4 5 10 7 4 6 4 ]
Pmin = [ 17 15 54 100 58 85 36 50 44 67 90 60 30 41 58 100 79 48 59 41 ]
Pmax = [ 17 15 54 100 58 85 36 50 44 67 90 60 30 41 58 100 79 48 59 41 ]
cf = [ 13.2144 23.0317 45.0298 34.5235 11.6868 34.852 61.3006 54.8466 23.5086 51.6761 34.1106 57.5585 25.0552 56.1651 65.4145 64.9986 44.4296 52.9774 40.0353 69.5307 ]
c0 = [ 64 60 148 250 163 233 114 144 124 173 230 167 89 120 162 250 221 127 171 117 ]
cp = [ 41.8752 38.4186 29.8293 13.8358 27.3847 21.6332 36.5633 25.6331 37.1892 21.3817 19.1339 27.6001 40.5642 22.534 23.1357 8.91824 18.4443 21.7052 34.5433 27.5493 ]
D = [ 299 389 400 451 531 567 605 646 698 774 799 867 917 867 796 705 642 588 664 722 820 685 564 413 275 370 402 450 507 585 662 705 772 795 886 933 977 901 808 727 647 574 659 755 843 680 523 379 ]
K = 21
nk = [ -1360000168 32585 -1360000168 32585 0 0 0 0 0 0 0 0 0 0 0 0 0 0 0 0 ]
First = [ 0 0 0 0 0 0 0 0 0 0 0 0 0 0 0 0 0 0 0 0 ]
Last = [ 0 0 0 0 0 0 0 0 0 0 0 0 0 0 0 0 0 0 0 0 ]
nS = 7
S = [ 1 1 0 0 1 0 0 0 0 0 0 1 1 0 1 0 0 0 1 0 ]
