n = 20 ; 
T = 48 ; 
Init = [ 1 1 1 0 1 0 0 1 1 1 1 1 0 0 0 0 1 0 0 1 ]
L = [ 6 3 8 9 2 7 7 3 5 2 4 6 2 4 9 7 6 4 9 4 ]
l = [ 6 3 8 9 2 7 7 3 5 2 4 6 2 4 9 7 6 4 9 4 ]
Pmin = [ 65 25 89 100 21 74 64 23 55 21 44 59 17 40 100 77 56 39 95 44 ]
Pmax = [ 65 25 89 100 21 74 64 23 55 21 44 59 17 40 100 77 56 39 95 44 ]
cf = [ 69.7985 12.9463 16.852 9.2444 68.7673 46.1099 40.491 44.0735 24.1339 46.8668 13.1068 56.5356 53.2037 55.7991 53.5219 17.357 53.1058 69.4567 53.8113 53.6615 ]
c0 = [ 178 73 239 250 71 208 170 78 142 78 126 163 68 116 250 208 156 121 250 127 ]
cp = [ 29.8824 40.7106 12.1631 13.9547 41.3631 17.4458 15.6761 32.8941 34.6076 39.0146 24.6619 32.114 40.2388 34.6359 9.79097 24.9912 27.468 38.8553 16.7402 36.9109 ]
D = [ 813 206 305 610 630 1055 235 84 816 7 638 813 111 811 852 90 391 333 742 692 1034 849 456 739 599 166 921 302 156 636 15 969 843 320 471 365 266 706 449 1083 713 1087 787 824 790 531 913 73 ]
K = 21
nk = [ 1961040824 32697 1961040824 32697 0 0 0 0 0 0 0 0 0 0 0 0 0 0 0 0 ]
First = [ 0 0 0 0 0 0 0 0 0 0 0 0 0 0 0 0 0 0 0 0 ]
Last = [ 0 0 0 0 0 0 0 0 0 0 0 0 0 0 0 0 0 0 0 0 ]
nS = 5
S = [ 1 0 1 0 1 0 0 0 0 0 0 1 1 0 0 0 0 0 0 0 ]
