n = 20 ; 
T = 48 ; 
Init = [ 1 1 1 1 1 1 1 0 0 1 1 1 0 0 0 0 0 1 0 1 ]
L = [ 2 6 6 8 3 7 3 3 8 10 4 3 7 6 5 3 5 9 7 9 ]
l = [ 2 6 6 8 3 7 3 3 8 10 4 3 7 6 5 3 5 9 7 9 ]
Pmin = [ 17 71 66 78 25 67 29 32 84 100 39 29 75 65 59 34 50 97 64 97 ]
Pmax = [ 17 71 66 78 25 67 29 32 84 100 39 29 75 65 59 34 50 97 64 97 ]
cf = [ 63.4251 43.5589 33.0981 48.5817 14.4392 68.5031 34.8208 48.891 9.3693 38.9503 30.3536 68.7311 45.1774 48.6005 41.9781 12.7599 49.6598 58.6583 50.2948 49.6415 ]
c0 = [ 73 184 175 209 82 171 86 100 234 250 118 89 197 173 169 104 138 244 167 248 ]
cp = [ 38.8898 34.1809 21.6689 13.6469 31.3612 19.0808 41.0942 36.5089 23.1844 9.16021 31.5531 38.866 20.099 16.7787 25.5818 31.6876 26.0078 19.1693 28.2814 14.4626 ]
D = [ 432 403 128 778 704 1040 297 1065 1177 499 138 1054 4 625 653 144 598 1174 927 642 593 186 618 129 963 94 236 583 1060 1046 202 315 271 330 1093 974 193 212 862 191 711 999 67 716 447 721 859 1044 ]
K = 21
nk = [ 1961040824 32697 1961040824 32697 0 0 0 0 0 0 0 0 0 0 0 0 0 0 0 0 ]
First = [ 0 0 0 0 0 0 0 0 0 0 0 0 0 0 0 0 0 0 0 0 ]
Last = [ 0 0 0 0 0 0 0 0 0 0 0 0 0 0 0 0 0 0 0 0 ]
nS = 5
S = [ 1 1 0 0 0 0 1 0 0 0 0 0 1 0 0 0 0 0 1 0 ]
