n = 20 ; 
T = 48 ; 
Init = [ 1 1 0 1 1 1 1 0 1 1 1 0 1 1 1 0 1 0 0 0 ]
L = [ 7 3 5 5 4 4 10 9 7 5 6 3 5 6 8 4 9 2 7 5 ]
l = [ 7 3 5 5 4 4 10 9 7 5 6 3 5 6 8 4 9 2 7 5 ]
Pmin = [ 72 33 49 55 41 44 100 92 76 54 70 30 45 66 83 36 97 22 82 56 ]
Pmax = [ 72 33 49 55 41 44 100 92 76 54 70 30 45 66 83 36 97 22 82 56 ]
cf = [ 31.1728 65.2348 24.3801 52.8422 39.5099 69.3215 43.2067 69.1686 45.7319 24.2756 20.7058 43.073 59.7972 20.6343 58.3165 48.4027 26.489 17.2538 15.9229 23.6649 ]
c0 = [ 204 102 151 149 127 117 250 241 213 158 187 90 120 190 221 117 250 81 229 151 ]
cp = [ 19.2204 34.0098 22.2916 29.6279 30.4038 32.6819 9.97918 17.5584 27.8014 34.5133 38.4672 37.5801 27.1729 20.085 11.3881 31.528 12.3692 41.9392 22.9691 34.503 ]
D = [ 31 637 709 131 542 106 50 177 1057 14 518 316 1126 850 1191 544 837 679 528 373 1009 789 1062 814 1050 839 402 219 1035 572 537 1066 6 43 1197 548 149 43 725 3 57 40 318 1183 890 306 523 524 ]
K = 21
nk = [ 1961040728 32697 1961040728 32697 0 0 0 0 0 0 0 0 0 0 0 0 0 0 0 0 ]
First = [ 0 0 0 0 0 0 0 0 0 0 0 0 0 0 0 0 0 0 0 0 ]
Last = [ 0 0 0 0 0 0 0 0 0 0 0 0 0 0 0 0 0 0 0 0 ]
nS = 5
S = [ 1 0 0 0 0 0 0 0 0 1 0 0 0 0 0 0 0 0 0 ]
