n = 20 ; 
T = 48 ; 
Init = [ 1 0 0 0 1 1 0 0 1 1 0 0 0 0 0 0 1 1 1 0 ]
L = [ 5 2 6 3 9 2 6 3 9 8 7 7 6 8 2 5 3 8 9 8 ]
l = [ 5 2 6 3 9 2 6 3 9 8 7 7 6 8 2 5 3 8 9 8 ]
Pmin = [ 46 20 72 29 96 15 64 23 93 84 77 79 69 90 21 48 33 89 100 92 ]
Pmax = [ 46 20 72 29 96 15 64 23 93 84 77 79 69 90 21 48 33 89 100 92 ]
cf = [ 36.0597 45.9457 56.7595 34.4575 28.5373 20.0675 51.801 37.1948 12.0883 33.4965 22.2309 40.5951 67.2302 31.524 25.698 8.73487 66.7585 54.2977 10.4594 60.9629 ]
c0 = [ 132 71 185 98 242 60 173 66 250 232 204 209 178 228 71 132 99 233 250 250 ]
cp = [ 30.4786 41.3118 27.9194 37.9198 12.0392 41.0161 18.5146 39.3604 17.1061 11.1626 19.707 25.3027 17.3542 17.3455 40.2211 26.4817 38.8981 22.7007 12.17 28.8005 ]
D = [ 347 376 483 508 588 665 719 757 843 879 962 1041 1103 1017 919 791 697 613 708 837 950 761 615 449 309 341 417 461 538 625 686 728 807 892 957 1010 1066 987 880 785 703 611 725 861 964 763 619 459 ]
K = 21
nk = [ -1360000168 32585 -1360000168 32585 0 0 0 0 0 0 0 0 0 0 0 0 0 0 0 0 ]
First = [ 0 0 0 0 0 0 0 0 0 0 0 0 0 0 0 0 0 0 0 0 ]
Last = [ 0 0 0 0 0 0 0 0 0 0 0 0 0 0 0 0 0 0 0 0 ]
nS = 8
S = [ 1 1 1 0 0 0 0 1 1 0 0 1 0 1 0 0 0 0 1 0 ]
