n = 10 ; 
T = 24 ; 
Init = [ 1 1 1 1 1 1 1 1 1 0 ]
L = [ 3 3 3 3 5 5 5 4 8 4 ]
l = [ 3 3 3 3 5 5 5 4 8 4 ]
Pmin = [ 37 27 27 27 58 58 58 42 89 46 ]
Pmax = [ 117 82 82 82 224 224 224 141 354 158 ]
cf = [ 12.742 27.2859 27.2859 27.2859 43.0059 43.0059 43.0059 8.05517 11.4743 38.1012 ]
c0 = [ 113 80 80 80 164 164 164 132 225 123 ]
cp = [ 37.7425 39.4331 39.4331 39.4331 31.9339 31.9339 31.9339 37.5625 23.8482 32.5734 ]
D = [ 426 1211 668 742 682 498 841 822 782 1624 160 356 90 703 1321 119 823 466 787 1597 250 989 1175 1270 ]
K = 6
nk = [ 1 2 2 2 3 3 3 4 5 6 ]
First = [ 1 1 1 1 1 1 1 1 1 1 ]
Last = [ 1 1 1 1 1 1 1 1 1 1 ]
nS = 3
S = [ 1 0 0 0 1 0 1 0 0 0 ]
