n = 10 ; 
T = 10 ; 
Init = [ 1 0 1 0 0 0 0 1 1 0 ]
L = [ 8 5 6 6 8 3 2 3 9 6 ]
l = [ 8 5 6 6 8 3 2 3 9 6 ]
Pmin = [ 86 50 60 54 91 28 16 41 100 57 ]
Pmax = [ 332 197 237 207 367 107 41 130 414 229 ]
cf = [ 11.2525 16.8866 35.4505 16.5623 25.2743 20.9196 53.6827 58.2407 15.4876 35.8686 ]
c0 = [ 226 135 175 145 234 80 56 122 250 151 ]
cp = [ 22.0661 28.9022 27.4729 22.2717 13.7984 37.5941 41.9706 39.8535 17.0728 21.7074 ]
D = [ 458 585 710 839 898 1064 1204 1256 1429 1506 1621 1717 1877 1686 1616 1453 1291 1100 1331 1485 1696 1416 1063 822 ]
K = 11
nk = [ -1749514600 32759 -1749514600 32759 0 0 0 0 48 0 ]
First = [ 1 1 1 1 1 1 1 1 1 1 ]
Last = [ 1 1 1 1 1 1 1 1 1 1 ]
nS = 3
S = [ 1 1 0 0 0 1 0 0 0 0 ]
