n = 10 ; 
T = 10 ; 
Init = [ 1 0 1 0 1 0 1 1 0 1 ]
L = [ 6 6 6 8 8 4 6 10 6 6 ]
l = [ 6 6 6 8 8 4 6 10 6 6 ]
Pmin = [ 61 65 67 81 80 46 66 100 69 62 ]
Pmax = [ 228 246 253 321 331 153 235 420 247 240 ]
cf = [ 64.2131 48.8932 32.1528 36.2635 8.63308 39.7952 16.7232 35.3955 61.153 13.3265 ]
c0 = [ 162 172 173 213 217 126 176 250 177 171 ]
cp = [ 30.5531 23.4372 16.284 19.8544 14.504 33.5879 20.3938 15.913 30.9535 30.1705 ]
D = [ 571 701 873 1034 1202 1300 1406 1615 1686 1871 1980 2111 2242 2075 1895 1726 1478 1274 1478 1678 1984 1615 1399 1039 ]
K = 11
nk = [ -1749514600 32759 -1749514600 32759 0 0 0 0 48 0 ]
First = [ 1 1 1 1 1 1 1 1 1 1 ]
Last = [ 1 1 1 1 1 1 1 1 1 1 ]
nS = 2
S = [ 1 0 0 0 0 0 0 1 0 0 ]
