n = 10 ; 
T = 24 ; 
Init = [ 0 0 0 1 1 1 1 1 0 1 ]
L = [ 9 9 9 5 5 5 7 7 8 7 ]
l = [ 9 9 9 5 5 5 7 7 8 7 ]
Pmin = [ 91 91 91 54 54 54 74 74 88 78 ]
Pmax = [ 361 361 361 200 200 200 270 270 357 298 ]
cf = [ 33.7311 33.7311 33.7311 53.9256 53.9256 53.9256 62.3252 62.3252 8.97733 38.0588 ]
c0 = [ 242 242 242 155 155 155 204 204 223 209 ]
cp = [ 10.8179 10.8179 10.8179 29.8879 29.8879 29.8879 22.1217 22.1217 21.7493 13.2715 ]
D = [ 1091 2296 991 305 1508 1242 1847 2431 1565 2183 871 2347 526 137 1997 616 1556 1992 1919 1566 832 492 173 1217 ]
K = 5
nk = [ 1 1 1 2 2 2 3 3 4 5 ]
First = [ 1 1 1 1 1 1 1 1 1 1 ]
Last = [ 1 1 1 1 1 1 1 1 1 1 ]
nS = 2
S = [ 1 0 1 0 0 0 0 0 0 0 ]
