n = 10 ; 
T = 24 ; 
Init = [ 1 0 0 0 0 0 0 1 1 0 ]
L = [ 3 4 4 4 8 8 8 4 4 6 ]
l = [ 3 4 4 4 8 8 8 4 4 6 ]
Pmin = [ 28 27 27 27 90 90 90 36 36 62 ]
Pmax = [ 69 100 100 100 346 346 346 137 137 250 ]
cf = [ 53.9271 30.948 30.948 30.948 39.9557 39.9557 39.9557 44.961 44.961 31.3873 ]
c0 = [ 83 78 78 78 232 232 232 106 106 169 ]
cp = [ 40.1678 38.6719 38.6719 38.6719 14.9172 14.9172 14.9172 27.8305 27.8305 21.079 ]
D = [ 345 149 1137 622 603 1900 1440 847 236 1134 597 1038 642 1331 117 1805 147 1634 1649 300 1165 690 1720 515 ]
K = 5
nk = [ 1 2 2 2 3 3 3 4 4 5 ]
First = [ 1 1 1 1 1 1 1 1 1 1 ]
Last = [ 1 1 1 1 1 1 1 1 1 1 ]
nS = 1
S = [ 1 0 0 0 0 0 0 0 0 0 ]
