n = 10 ; 
T = 24 ; 
Init = [ 1 1 1 1 1 1 1 1 1 1 ]
L = [ 9 9 9 9 7 7 7 7 7 9 ]
l = [ 9 9 9 9 7 7 7 7 7 9 ]
Pmin = [ 100 99 99 99 71 71 73 73 73 100 ]
Pmax = [ 396 401 401 401 263 263 280 280 280 390 ]
cf = [ 15 48.0211 48.0211 48.0211 38.5985 38.5985 33.7907 33.7907 33.7907 25.1308 ]
c0 = [ 250 250 250 250 183 183 201 201 201 250 ]
cp = [ 13.3799 10.089 10.089 10.089 24.1041 24.1041 15.4285 15.4285 15.4285 15.694 ]
D = [ 2603 3274 2108 237 473 1174 2976 3117 2639 142 509 450 568 2694 2132 1995 304 253 1131 2986 2623 2363 829 481 ]
K = 5
nk = [ 1 2 2 2 3 3 4 4 4 5 ]
First = [ 1 1 1 1 1 1 1 1 1 1 ]
Last = [ 1 1 1 1 1 1 1 1 1 1 ]
nS = 2
S = [ 1 0 0 0 1 0 0 0 0 0 ]
