n = 10 ; 
T = 10 ; 
Init = [ 1 1 0 1 1 0 1 0 0 1 ]
L = [ 10 6 3 8 2 9 4 6 5 4 ]
l = [ 10 6 3 8 2 9 4 6 5 4 ]
Pmin = [ 100 66 26 89 23 100 45 77 47 34 ]
Pmax = [ 404 244 85 356 71 413 162 282 183 108 ]
cf = [ 47.0667 55.7741 15.7812 34.8741 53.1957 66.9574 10.9727 37.2805 62.8418 32.7148 ]
c0 = [ 250 181 89 236 84 250 132 210 139 110 ]
cp = [ 10.3593 21.7641 41.2914 17.2057 41.1982 14.14 31.2293 30.0778 25.4529 39.26 ]
D = [ 621 667 848 905 1050 1137 1214 1338 1438 1549 1701 1828 1866 1760 1566 1373 1223 1043 1329 1538 1827 1469 1168 809 ]
K = 11
nk = [ -1749514600 32759 -1749514600 32759 0 0 0 0 48 0 ]
First = [ 1 1 1 1 1 1 1 1 1 1 ]
Last = [ 1 1 1 1 1 1 1 1 1 1 ]
nS = 2
S = [ 1 0 0 1 0 0 0 0 0 0 ]
