n = 10 ; 
T = 24 ; 
Init = [ 0 0 0 0 0 0 0 0 1 1 ]
L = [ 5 5 7 7 7 3 3 5 9 9 ]
l = [ 5 5 7 7 7 3 3 5 9 9 ]
Pmin = [ 47 47 70 70 70 31 31 47 90 90 ]
Pmax = [ 182 182 278 278 278 89 89 178 352 352 ]
cf = [ 45.9596 45.9596 56.8231 56.8231 56.8231 47.5157 47.5157 11.383 63.3305 63.3305 ]
c0 = [ 142 142 199 199 199 88 88 137 248 248 ]
cp = [ 35.9577 35.9577 13.3071 13.3071 13.3071 40.6843 40.6843 30.552 14.5137 14.5137 ]
D = [ 2239 1021 53 2180 1373 1544 2080 929 1665 858 1589 1922 2254 1117 1116 153 878 512 2158 740 1126 1830 2163 16 ]
K = 5
nk = [ 1 1 2 2 2 3 3 4 5 5 ]
First = [ 1 1 1 1 1 1 1 1 1 1 ]
Last = [ 1 1 1 1 1 1 1 1 1 1 ]
nS = 4
S = [ 1 0 0 1 0 0 0 0 1 1 ]
