n = 10 ; 
T = 24 ; 
Init = [ 0 0 0 1 1 1 0 0 0 1 ]
L = [ 10 10 10 5 5 6 4 4 4 4 ]
l = [ 10 10 10 5 5 6 4 4 4 4 ]
Pmin = [ 99 99 99 40 40 68 42 42 42 41 ]
Pmax = [ 412 412 412 151 151 250 128 128 128 135 ]
cf = [ 19.5838 19.5838 19.5838 48.456 48.456 33.1821 57.102 57.102 57.102 33.4491 ]
c0 = [ 250 250 250 112 112 182 130 130 130 128 ]
cp = [ 11.5948 11.5948 11.5948 27.687 27.687 21.1146 29.2265 29.2265 29.2265 40.856 ]
D = [ 568 1282 1055 1224 2 821 1088 538 1616 725 1966 182 1185 1177 1141 713 2146 1013 495 694 808 2060 917 837 ]
K = 5
nk = [ 1 1 1 2 2 3 4 4 4 5 ]
First = [ 1 1 1 1 1 1 1 1 1 1 ]
Last = [ 1 1 1 1 1 1 1 1 1 1 ]
nS = 3
S = [ 1 1 1 0 0 0 0 0 0 0 ]
