n = 10 ; 
T = 24 ; 
Init = [ 1 1 1 1 1 0 0 0 0 0 ]
L = [ 9 9 3 3 3 3 7 7 7 9 ]
l = [ 9 9 3 3 3 3 7 7 7 9 ]
Pmin = [ 95 95 38 38 38 34 82 82 82 97 ]
Pmax = [ 388 388 113 113 113 99 307 307 307 401 ]
cf = [ 63.7112 63.7112 55.7808 55.7808 55.7808 7.11405 69.3794 69.3794 69.3794 31.1355 ]
c0 = [ 250 250 113 113 113 100 215 215 215 250 ]
cp = [ 11.1824 11.1824 36.0271 36.0271 36.0271 35.0073 21.4307 21.4307 21.4307 11.0924 ]
D = [ 1218 1933 1640 92 384 46 995 1171 831 2314 1441 1730 2061 868 1735 2036 1840 821 2079 1556 2331 759 1811 1896 ]
K = 5
nk = [ 1 1 2 2 2 3 4 4 4 5 ]
First = [ 1 1 1 1 1 1 1 1 1 1 ]
Last = [ 1 1 1 1 1 1 1 1 1 1 ]
nS = 3
S = [ 1 1 0 0 0 0 0 1 0 0 ]
