n = 10 ; 
T = 10 ; 
Init = [ 0 0 1 0 1 1 1 0 0 0 ]
L = [ 5 3 8 4 10 7 3 3 3 5 ]
l = [ 5 3 8 4 10 7 3 3 3 5 ]
Pmin = [ 46 24 90 32 100 65 30 35 28 55 ]
Pmax = [ 160 67 337 116 420 258 79 103 79 222 ]
cf = [ 49.3898 59.8436 37.3349 21.9327 24.0145 31.9705 29.1202 13.9756 50.5539 65.1188 ]
c0 = [ 125 90 245 92 250 174 101 103 92 163 ]
cp = [ 27.9547 39.4725 15.4463 28.9003 8.87882 29.5033 39.1385 31.5981 39.6799 21.1229 ]
D = [ 500 639 713 760 863 956 1031 1186 1217 1340 1403 1510 1643 1473 1332 1204 1051 903 1092 1168 1324 1104 900 603 ]
K = 11
nk = [ -1749514600 32759 -1749514600 32759 0 0 0 0 48 0 ]
First = [ 1 1 1 1 1 1 1 1 1 1 ]
Last = [ 1 1 1 1 1 1 1 1 1 1 ]
nS = 2
S = [ 1 0 0 0 0 0 0 1 0 0 ]
