n = 10 ; 
T = 24 ; 
Init = [ 1 1 1 1 1 1 1 1 1 1 ]
L = [ 6 6 6 5 8 8 8 3 3 3 ]
l = [ 6 6 6 5 8 8 8 3 3 3 ]
Pmin = [ 67 67 67 48 88 88 88 16 16 16 ]
Pmax = [ 250 250 250 185 336 336 336 53 53 53 ]
cf = [ 56.8996 56.8996 56.8996 50.9222 45.9545 45.9545 45.9545 51.5645 51.5645 51.5645 ]
c0 = [ 190 190 190 133 233 233 233 70 70 70 ]
cp = [ 26.6132 26.6132 26.6132 22.044 15.9207 15.9207 15.9207 39.8568 39.8568 39.8568 ]
D = [ 695 1289 1078 1269 335 889 342 923 1468 1709 1294 2006 1272 657 1204 657 140 1082 633 2027 1715 503 967 1620 ]
K = 4
nk = [ 1 1 1 2 3 3 3 4 4 4 ]
First = [ 1 1 1 1 1 1 1 1 1 1 ]
Last = [ 1 1 1 1 1 1 1 1 1 1 ]
nS = 4
S = [ 1 0 0 1 0 1 1 0 0 0 ]
