n = 10 ; 
T = 10 ; 
Init = [ 0 0 0 1 0 1 0 0 1 0 ]
L = [ 10 6 6 7 9 5 9 6 7 7 ]
l = [ 10 6 6 7 9 5 9 6 7 7 ]
Pmin = [ 100 67 64 79 92 58 99 66 76 78 ]
Pmax = [ 411 240 246 301 372 204 401 248 279 289 ]
cf = [ 26.0375 20.6019 43.6243 25.8942 13.5916 56.99 25.4597 58.9193 26.929 10.4567 ]
c0 = [ 250 189 181 221 245 156 249 184 211 206 ]
cp = [ 15.6967 12.5909 20.5889 28.9199 14.5366 30.6611 16.5155 28.3448 13.3108 14.5556 ]
D = [ 797 977 1005 1239 1377 1535 1595 1725 1873 2096 2192 2317 2503 2330 2188 1985 1780 1561 1852 2070 2263 1924 1609 1234 ]
K = 11
nk = [ -1749514600 32759 -1749514600 32759 0 0 0 0 48 0 ]
First = [ 1 1 1 1 1 1 1 1 1 1 ]
Last = [ 1 1 1 1 1 1 1 1 1 1 ]
nS = 2
S = [ 1 0 0 0 0 0 0 0 1 0 ]
