n = 10 ; 
T = 24 ; 
Init = [ 0 0 0 0 0 0 0 0 0 0 ]
L = [ 7 5 5 5 5 6 6 6 9 9 ]
l = [ 7 5 5 5 5 6 6 6 9 9 ]
Pmin = [ 80 56 56 53 53 60 60 60 89 89 ]
Pmax = [ 304 198 198 183 183 234 234 234 367 367 ]
cf = [ 67.4578 29.6992 29.6992 62.149 62.149 53.1021 53.1021 53.1021 46.5643 46.5643 ]
c0 = [ 208 152 152 153 153 168 168 168 236 236 ]
cp = [ 16.5277 25.0125 25.0125 27.0064 27.0064 23.8733 23.8733 23.8733 15.3727 15.3727 ]
D = [ 2137 1764 2190 465 1128 1074 1832 705 1685 1989 2033 2138 1888 433 1827 1217 2004 2468 761 874 1530 2185 911 2478 ]
K = 5
nk = [ 1 2 2 3 3 4 4 4 5 5 ]
First = [ 1 1 1 1 1 1 1 1 1 1 ]
Last = [ 1 1 1 1 1 1 1 1 1 1 ]
nS = 3
S = [ 1 1 0 0 0 0 0 1 0 0 ]
