n = 10 ; 
T = 10 ; 
Init = [ 1 1 1 0 1 0 1 1 1 0 ]
L = [ 8 2 3 7 6 5 6 9 4 3 ]
l = [ 8 2 3 7 6 5 6 9 4 3 ]
Pmin = [ 88 22 25 77 55 52 62 97 39 30 ]
Pmax = [ 367 73 66 285 224 211 238 396 137 106 ]
cf = [ 18.4288 52.5362 24.6531 42.5782 11.7181 68.6773 11.9237 25.2317 28.1893 21.4833 ]
c0 = [ 242 80 80 213 145 139 181 243 105 90 ]
cp = [ 17.0121 40.4351 34.3415 14.3327 26.5809 32.4316 22.1397 13.5977 32.8509 39.0094 ]
D = [ 424 567 652 774 926 1008 1156 1210 1337 1447 1610 1696 1798 1706 1547 1390 1288 1091 1272 1386 1566 1335 1084 795 ]
K = 11
nk = [ 0 0 0 0 0 0 0 0 0 0 ]
First = [ 1 1 1 1 1 1 1 1 1 1 ]
Last = [ 1 1 1 1 1 1 1 1 1 1 ]
nS = 2
S = [ 1 0 0 0 0 1 0 0 0 0 ]
