n = 20 ; 
T = 24 ; 
Init = [ 1 1 1 0 0 1 1 1 1 1 0 0 0 1 0 0 1 1 0 1 ]
L = [ 2 7 8 7 5 5 8 2 4 3 3 6 6 4 6 9 9 6 8 6 ]
l = [ 2 7 8 7 5 5 8 2 4 3 3 6 6 4 6 9 9 6 8 6 ]
Pmin = [ 20 80 88 75 46 49 80 13 41 32 35 59 65 42 65 100 100 62 95 65 ]
Pmax = [ 41 319 329 311 174 190 330 33 138 96 108 208 248 133 258 411 411 219 358 245 ]
cf = [ 52.1664 47.9898 45.5522 21.4959 42.5361 62.176 63.5606 11.41 55.5976 62.0979 46.0539 17.6536 20.072 34.1845 14.2476 10.2458 69.2816 42.636 39.452 13.4917 ]
c0 = [ 68 210 239 211 139 140 211 52 112 89 95 171 176 134 187 250 250 180 250 184 ]
cp = [ 41.3629 22.4961 20.0039 15.5869 25.4785 23.028 13.4197 41.9464 21.3337 38.0648 39.7885 16.4664 25.8388 35.8365 24.7174 10.0465 15.9225 35.303 14.6056 20.0507 ]
D = [ 1321 1560 1770 2022 2184 2385 2562 2813 3183 3265 3519 3793 4136 3768 3265 3069 2656 2303 2717 3194 3567 2920 2381 1752 ]
K = 21
nk = [ 2059998840 32594 2059998840 32594 0 0 0 0 0 0 0 0 0 0 0 0 0 0 0 0 ]
First = [ 1 1 1 1 1 1 1 1 1 1 1 1 1 1 1 1 1 1 1 1 ]
Last = [ 1 1 1 1 1 1 1 1 1 1 1 1 1 1 1 1 1 1 1 1 ]
nS = 4
S = [ 1 0 0 1 1 0 0 0 0 0 0 0 0 0 1 0 0 0 0 0 ]
