n = 20 ; 
T = 24 ; 
Init = [ 0 0 0 0 0 0 0 0 0 1 1 1 1 1 1 1 1 1 1 1 ]
L = [ 5 5 5 8 8 8 6 6 6 7 7 7 7 7 7 4 4 4 5 5 ]
l = [ 5 5 5 8 8 8 6 6 6 7 7 7 7 7 7 4 4 4 5 5 ]
Pmin = [ 49 49 49 92 92 92 66 66 66 75 75 75 75 75 75 42 42 42 44 44 ]
Pmax = [ 163 163 163 348 348 348 231 231 231 296 296 296 296 296 296 152 152 152 148 148 ]
cf = [ 19.3964 19.3964 19.3964 51.7179 51.7179 51.7179 39.6619 39.6619 39.6619 61.0692 61.0692 61.0692 61.0692 61.0692 61.0692 52.6004 52.6004 52.6004 16.5043 16.5043 ]
c0 = [ 135 135 135 240 240 240 181 181 181 197 197 197 197 197 197 115 115 115 134 134 ]
cp = [ 23.8571 23.8571 23.8571 13.0785 13.0785 13.0785 23.7261 23.7261 23.7261 17.2621 17.2621 17.2621 17.2621 17.2621 17.2621 28.5738 28.5738 28.5738 34.4223 34.4223 ]
D = [ 1212 1502 1723 2002 2245 2450 2744 3050 3242 3428 3724 3910 4309 3925 3567 3196 2865 2470 2770 3049 3421 2723 2233 1531 ]
K = 6
nk = [ 1 1 1 2 2 2 3 3 3 4 4 4 4 4 4 5 5 5 6 6 ]
First = [ 1 1 1 1 1 1 1 1 1 1 1 1 1 1 1 1 1 1 1 1 ]
Last = [ 1 1 1 1 1 1 1 1 1 1 1 1 1 1 1 1 1 1 1 1 ]
nS = 4
S = [ 1 0 1 0 0 0 0 0 0 0 1 0 0 0 0 0 0 0 0 1 ]
