n = 20 ; 
T = 24 ; 
Init = [ 1 1 0 0 1 1 1 1 1 0 0 1 1 0 0 0 1 0 1 1 ]
L = [ 8 3 8 4 3 4 7 10 6 6 3 6 9 4 4 7 6 5 7 8 ]
l = [ 8 3 8 4 3 4 7 10 6 6 3 6 9 4 4 7 6 5 7 8 ]
Pmin = [ 90 32 88 45 22 34 83 100 64 60 36 70 87 45 39 78 56 45 72 84 ]
Pmax = [ 366 97 343 143 49 124 308 400 232 241 114 273 352 147 140 315 227 175 283 314 ]
cf = [ 23.0402 18.1601 31.3906 38.3183 69.8925 55.2445 56.0661 10.2557 67.26 14.7765 7.61456 37.4122 19.4508 63.5084 15.2333 36.0933 64.4551 34.6725 56.2858 68.0029 ]
c0 = [ 237 89 240 132 69 92 216 250 166 163 104 184 219 139 108 217 148 122 194 234 ]
cp = [ 11.8938 38.7569 17.337 38.7845 41.6395 33.7643 28.072 15.0589 19.7155 21.2229 37.77 26.0247 18.3752 29.3485 32.0613 15.3022 28.216 33.7482 18.5683 27.6894 ]
D = [ 1056 1412 1649 1792 2060 2362 2539 2780 3140 3336 3509 3913 4167 3774 3286 2974 2522 2216 2598 3029 3526 2881 2361 1693 ]
K = 21
nk = [ 2059998840 32594 2059998840 32594 0 0 0 0 0 0 0 0 0 0 0 0 0 0 0 0 ]
First = [ 1 1 1 1 1 1 1 1 1 1 1 1 1 1 1 1 1 1 1 1 ]
Last = [ 1 1 1 1 1 1 1 1 1 1 1 1 1 1 1 1 1 1 1 1 ]
nS = 7
S = [ 1 0 1 1 0 1 0 0 0 0 1 1 0 0 0 0 0 0 1 0 ]
