n = 20 ; 
T = 24 ; 
Init = [ 1 1 1 1 1 1 1 1 1 1 1 1 1 1 1 1 1 1 1 1 ]
L = [ 9 9 3 3 3 3 8 8 8 8 8 8 4 4 4 4 4 5 5 5 ]
l = [ 9 9 3 3 3 3 8 8 8 8 8 8 4 4 4 4 4 5 5 5 ]
Pmin = [ 90 90 19 19 19 19 93 93 93 93 93 93 40 40 40 40 40 55 55 55 ]
Pmax = [ 349 349 61 61 61 61 370 370 370 370 370 370 129 129 129 129 129 190 190 190 ]
cf = [ 16.4275 16.4275 17.0981 17.0981 17.0981 17.0981 14.033 14.033 14.033 14.033 14.033 14.033 50.9013 50.9013 50.9013 50.9013 50.9013 54.2757 54.2757 54.2757 ]
c0 = [ 244 244 77 77 77 77 233 233 233 233 233 233 126 126 126 126 126 144 144 144 ]
cp = [ 11.1043 11.1043 38.5078 38.5078 38.5078 38.5078 15.1008 15.1008 15.1008 15.1008 15.1008 15.1008 30.2264 30.2264 30.2264 30.2264 30.2264 26.9824 26.9824 26.9824 ]
D = [ 816 1183 1285 1665 1770 2019 2294 2534 2769 2996 3326 3445 3735 3438 3232 2925 2589 2234 2567 2969 3230 2693 2230 1753 ]
K = 5
nk = [ 1 1 2 2 2 2 3 3 3 3 3 3 4 4 4 4 4 5 5 5 ]
First = [ 1 1 1 1 1 1 1 1 1 1 1 1 1 1 1 1 1 1 1 1 ]
Last = [ 1 1 1 1 1 1 1 1 1 1 1 1 1 1 1 1 1 1 1 1 ]
nS = 8
S = [ 1 0 1 0 0 0 1 0 0 1 0 1 0 1 1 1 0 0 0 0 ]
