n = 20 ; 
T = 24 ; 
Init = [ 0 0 0 0 0 0 0 0 0 0 0 0 0 0 0 0 0 0 0 0 ]
L = [ 4 4 4 4 4 5 5 5 5 5 8 8 8 8 3 3 3 3 3 3 ]
l = [ 4 4 4 4 4 5 5 5 5 5 8 8 8 8 3 3 3 3 3 3 ]
Pmin = [ 45 45 45 45 45 58 58 58 58 58 79 79 79 79 23 23 23 23 23 23 ]
Pmax = [ 150 150 150 150 150 221 221 221 221 221 328 328 328 328 82 82 82 82 82 82 ]
cf = [ 45.0314 45.0314 45.0314 45.0314 45.0314 42.4937 42.4937 42.4937 42.4937 42.4937 63.7328 63.7328 63.7328 63.7328 25.4644 25.4644 25.4644 25.4644 25.4644 25.4644 ]
c0 = [ 124 124 124 124 124 169 169 169 169 169 220 220 220 220 66 66 66 66 66 66 ]
cp = [ 37.2922 37.2922 37.2922 37.2922 37.2922 35.5715 35.5715 35.5715 35.5715 35.5715 25.6474 25.6474 25.6474 25.6474 36.9036 36.9036 36.9036 36.9036 36.9036 36.9036 ]
D = [ 799 946 1143 1339 1528 1798 1911 2204 2442 2634 2742 2937 3226 2916 2563 2385 2103 1783 2034 2323 2633 2270 1828 1342 ]
K = 4
nk = [ 1 1 1 1 1 2 2 2 2 2 3 3 3 3 4 4 4 4 4 4 ]
First = [ 1 1 1 1 1 1 1 1 1 1 1 1 1 1 1 1 1 1 1 1 ]
Last = [ 1 1 1 1 1 1 1 1 1 1 1 1 1 1 1 1 1 1 1 1 ]
nS = 3
S = [ 1 0 0 0 0 0 0 0 0 0 1 0 0 0 1 0 0 0 0 0 ]
