n = 20 ; 
T = 24 ; 
Init = [ 0 0 0 1 1 1 1 1 1 1 0 0 0 1 1 1 1 1 1 1 ]
L = [ 5 5 5 5 5 7 7 7 7 7 8 8 3 9 9 9 9 9 3 3 ]
l = [ 5 5 5 5 5 7 7 7 7 7 8 8 3 9 9 9 9 9 3 3 ]
Pmin = [ 49 49 49 51 51 74 74 74 74 74 88 88 24 100 100 100 100 100 27 27 ]
Pmax = [ 162 162 162 199 199 303 303 303 303 303 335 335 75 405 405 405 405 405 96 96 ]
cf = [ 22.1369 22.1369 22.1369 23.1501 23.1501 51.5198 51.5198 51.5198 51.5198 51.5198 53.1428 53.1428 52.6874 56.7869 56.7869 56.7869 56.7869 56.7869 54.5392 54.5392 ]
c0 = [ 148 148 148 139 139 192 192 192 192 192 234 234 87 250 250 250 250 250 87 87 ]
cp = [ 29.0524 29.0524 29.0524 33.14 33.14 26.6231 26.6231 26.6231 26.6231 26.6231 16.9372 16.9372 40.7868 15.0641 15.0641 15.0641 15.0641 15.0641 35.6716 35.6716 ]
D = [ 1450 1671 1857 2252 2550 2720 2980 3278 3592 3828 4122 4484 4766 4248 3931 3497 3044 2609 3014 3578 4068 3419 2886 2202 ]
K = 7
nk = [ 1 1 1 2 2 3 3 3 3 3 4 4 5 6 6 6 6 6 7 7 ]
First = [ 1 1 1 1 1 1 1 1 1 1 1 1 1 1 1 1 1 1 1 1 ]
Last = [ 1 1 1 1 1 1 1 1 1 1 1 1 1 1 1 1 1 1 1 1 ]
nS = 9
S = [ 1 0 1 1 1 0 0 1 1 1 0 0 0 0 0 1 0 0 0 1 ]
