n = 20 ; 
T = 24 ; 
Init = [ 0 0 0 0 0 0 0 0 0 0 0 0 0 0 0 0 1 1 1 1 ]
L = [ 4 4 4 4 4 3 3 3 8 8 8 6 6 6 9 9 4 4 4 7 ]
l = [ 4 4 4 4 4 3 3 3 8 8 8 6 6 6 9 9 4 4 4 7 ]
Pmin = [ 34 34 34 34 34 33 33 33 91 91 91 57 57 57 94 94 44 44 44 77 ]
Pmax = [ 114 114 114 114 114 114 114 114 355 355 355 202 202 202 373 373 152 152 152 283 ]
cf = [ 44.6983 44.6983 44.6983 44.6983 44.6983 18.63 18.63 18.63 45.3454 45.3454 45.3454 66.7788 66.7788 66.7788 59.8785 59.8785 22.247 22.247 22.247 50.0601 ]
c0 = [ 107 107 107 107 107 100 100 100 231 231 231 155 155 155 248 248 118 118 118 196 ]
cp = [ 33.2911 33.2911 33.2911 33.2911 33.2911 34.824 34.824 34.824 12.826 12.826 12.826 23.8897 23.8897 23.8897 12.7124 12.7124 30.6309 30.6309 30.6309 19.3415 ]
D = [ 915 1117 1299 1455 1780 1959 2129 2288 2560 2683 2864 3202 3414 3141 2938 2654 2376 2084 2351 2685 3060 2516 2026 1716 ]
K = 7
nk = [ 1 1 1 1 1 2 2 2 3 3 3 4 4 4 5 5 6 6 6 7 ]
First = [ 1 1 1 1 1 1 1 1 1 1 1 1 1 1 1 1 1 1 1 1 ]
Last = [ 1 1 1 1 1 1 1 1 1 1 1 1 1 1 1 1 1 1 1 1 ]
nS = 5
S = [ 1 0 0 0 0 1 0 0 1 0 0 1 0 0 0 0 0 1 0 0 ]
