n = 20 ; 
T = 24 ; 
Init = [ 0 0 0 0 0 1 1 1 1 1 1 1 1 1 1 1 1 1 1 0 ]
L = [ 4 4 4 4 4 9 9 9 9 9 7 7 7 7 6 6 6 6 6 9 ]
l = [ 4 4 4 4 4 9 9 9 9 9 7 7 7 7 6 6 6 6 6 9 ]
Pmin = [ 49 49 49 49 49 96 96 96 96 96 71 71 71 71 66 66 66 66 66 100 ]
Pmax = [ 167 167 167 167 167 401 401 401 401 401 276 276 276 276 245 245 245 245 245 411 ]
cf = [ 15.408 15.408 15.408 15.408 15.408 12.458 12.458 12.458 12.458 12.458 37.9922 37.9922 37.9922 37.9922 45.801 45.801 45.801 45.801 45.801 49.7546 ]
c0 = [ 140 140 140 140 140 242 242 242 242 242 185 185 185 185 176 176 176 176 176 250 ]
cp = [ 31.778 31.778 31.778 31.778 31.778 10.6535 10.6535 10.6535 10.6535 10.6535 30.0701 30.0701 30.0701 30.0701 26.9709 26.9709 26.9709 26.9709 26.9709 16.9048 ]
D = [ 1491 1790 2064 2328 2545 2692 3006 3201 3576 3695 3990 4134 4540 4205 3866 3504 3035 2693 3270 3653 4170 3353 2688 2011 ]
K = 5
nk = [ 1 1 1 1 1 2 2 2 2 2 3 3 3 3 4 4 4 4 4 5 ]
First = [ 1 1 1 1 1 1 1 1 1 1 1 1 1 1 1 1 1 1 1 1 ]
Last = [ 1 1 1 1 1 1 1 1 1 1 1 1 1 1 1 1 1 1 1 1 ]
nS = 6
S = [ 1 0 0 0 1 1 0 0 0 0 0 0 1 0 0 0 1 0 0 1 ]
