n = 20 ; 
T = 48 ; 
Init = [ 1 0 0 1 0 1 0 1 0 0 1 1 0 0 0 0 1 1 1 0 ]
L = [ 6 7 6 6 4 3 9 2 9 4 6 3 7 10 10 8 5 4 8 7 ]
l = [ 6 7 6 6 4 3 9 2 9 4 6 3 7 10 10 8 5 4 8 7 ]
Pmin = [ 67 68 65 66 41 29 97 21 93 45 62 27 72 100 100 84 52 46 87 78 ]
Pmax = [ 249 264 247 233 135 90 390 48 385 162 236 101 261 420 411 312 210 165 339 303 ]
cf = [ 58.9943 65.2279 39.0059 51.8668 46.0361 63.1264 51.1733 48.7284 30.3617 26.7387 21.9391 56.6848 12.1129 49.2268 35.9967 29.6801 17.6804 31.8178 12.9838 24.4328 ]
c0 = [ 181 189 175 184 115 91 250 78 237 134 165 94 183 250 250 229 142 127 230 208 ]
cp = [ 28.0124 25.8356 21.5266 21.2757 32.0394 30.4965 11.6043 41.5555 15.2956 29.5563 20.8633 38.3499 36.9752 8.58896 12.6319 22.6831 22.8068 18.2793 11.7844 15.4676 ]
D = [ 1110 1335 1516 1717 1985 2357 2432 2719 3009 3322 3590 3736 4012 3710 3434 3136 2820 2454 2898 3184 3659 2885 2332 1653 1054 1409 1692 1842 2129 2364 2730 2941 3199 3603 3855 3978 4400 3927 3653 3268 3029 2571 2823 3173 3429 2930 2323 1769 ]
K = 21
nk = [ 0 1 2 3 4 5 6 7 8 9 10 11 12 13 14 15 16 17 18 19 ]
First = [ 0 0 0 0 0 0 0 0 0 0 0 0 0 0 0 0 0 0 0 0 ]
Last = [ 0 0 0 0 0 0 0 0 0 0 0 0 0 0 0 0 0 0 0 0 ]
nS = 7
S = [ 1 0 1 1 0 0 0 0 1 0 0 0 1 0 1 0 0 0 0 1 ]
