n = 20 ; 
T = 48 ; 
Init = [ 0 1 1 0 0 0 1 0 0 0 0 1 0 1 0 1 1 0 0 0 ]
L = [ 7 4 4 2 3 5 5 6 4 8 7 9 6 3 4 5 2 7 8 9 ]
l = [ 7 4 4 2 3 5 5 6 4 8 7 9 6 3 4 5 2 7 8 9 ]
Pmin = [ 78 37 36 20 31 56 52 64 40 82 75 93 61 33 45 49 27 75 90 100 ]
Pmax = [ 308 141 125 72 87 214 196 262 144 333 294 381 235 89 143 183 75 294 341 419 ]
cf = [ 16.1397 38.2634 30.3814 40.3182 36.9948 29.6621 64.0891 14.2956 55.0307 58.1578 67.4813 51.0098 20.9169 62.0598 10.383 35.857 66.3863 17.0486 42.5256 13.0042 ]
c0 = [ 218 109 117 68 89 146 137 166 110 207 212 246 161 99 133 150 91 211 227 250 ]
cp = [ 17.77 27.7696 31.0859 32.4789 40.6363 33.5258 28.6889 17.433 25.6982 28.9894 23.0818 17.2904 32.7898 38.5803 24.4272 21.329 38.2814 18.7421 27.3859 10.4692 ]
D = [ 910 1155 1441 1576 1831 2138 2273 2588 2700 3036 3169 3434 3691 3344 3032 2782 2462 2104 2661 2996 3387 2840 2258 1686 1212 1331 1521 1726 1908 2182 2419 2683 2869 3024 3176 3474 3711 3395 3043 2716 2380 2069 2491 2694 3120 2487 2036 1526 ]
K = 21
nk = [ 0 1 2 3 4 5 6 7 8 9 10 11 12 13 14 15 16 17 18 19 ]
First = [ 0 0 0 0 0 0 0 0 0 0 0 0 0 0 0 0 0 0 0 0 ]
Last = [ 0 0 0 0 0 0 0 0 0 0 0 0 0 0 0 0 0 0 0 0 ]
nS = 8
S = [ 1 0 0 1 0 0 1 0 1 0 1 0 0 0 0 1 0 0 1 1 ]
