n = 20 ; 
T = 48 ; 
Init = [ 1 1 1 1 1 0 0 1 1 0 0 1 0 0 1 1 1 0 1 1 ]
L = [ 2 7 3 7 7 4 4 2 7 8 5 6 5 9 5 8 5 6 8 7 ]
l = [ 2 7 3 7 7 4 4 2 7 8 5 6 5 9 5 8 5 6 8 7 ]
Pmin = [ 21 71 29 76 80 42 45 19 82 75 40 61 54 86 47 82 55 67 88 75 ]
Pmax = [ 61 283 73 289 317 158 154 51 307 297 152 242 193 350 180 335 194 246 351 285 ]
cf = [ 67.9569 41.7713 39.8678 45.3642 54.4596 57.5539 58.6577 42.7829 44.5722 22.9561 17.9212 35.0625 52.5167 9.11075 31.7085 19.792 43.5463 63.8662 65.3398 37.7258 ]
c0 = [ 81 192 99 212 212 123 129 71 226 198 110 165 154 220 145 209 153 185 231 195 ]
cp = [ 40.9849 22.4619 38.3776 18.2925 21.7167 29.7616 30.1842 36.438 22.9739 21.4483 35.8285 22.977 28.1941 14.4232 36.8838 12.9171 35.1774 32.8399 16.3209 21.8294 ]
D = [ 1064 1345 1562 1743 1991 2178 2489 2843 3023 3350 3549 3739 4069 3601 3355 2821 2519 2142 2593 2922 3365 2888 2210 1816 1330 1446 1597 1909 1992 2254 2384 2583 2906 2958 3268 3487 3668 3268 3097 2894 2618 2284 2593 2934 3290 2875 2244 1785 ]
K = 21
nk = [ 0 1 2 3 4 5 6 7 8 9 10 11 12 13 14 15 16 17 18 19 ]
First = [ 0 0 0 0 0 0 0 0 0 0 0 0 0 0 0 0 0 0 0 0 ]
Last = [ 0 0 0 0 0 0 0 0 0 0 0 0 0 0 0 0 0 0 0 0 ]
nS = 6
S = [ 1 0 0 0 0 0 1 1 0 0 0 0 0 1 0 1 0 0 1 0 ]
