n = 20 ; 
T = 48 ; 
Init = [ 1 1 1 1 1 1 1 0 0 0 0 0 0 0 0 1 0 0 1 0 ]
L = [ 4 9 6 7 8 4 6 9 8 10 6 5 7 6 6 5 2 9 8 4 ]
l = [ 4 9 6 7 8 4 6 9 8 10 6 5 7 6 6 5 2 9 8 4 ]
Pmin = [ 47 100 64 73 78 36 59 100 87 100 64 49 73 55 57 49 26 100 91 40 ]
Pmax = [ 156 412 249 293 323 130 237 382 348 420 249 162 273 219 209 192 59 399 348 129 ]
cf = [ 26.5714 43.7437 36.5964 10.4138 50.9249 12.8389 21.6221 49.9199 47.1146 11.5516 35.6417 45.5266 54.4073 47.6403 54.4871 52.7004 63.7318 22.2488 47.1258 53.4461 ]
c0 = [ 144 250 168 189 219 102 163 250 238 250 174 143 193 161 167 137 76 250 235 119 ]
cp = [ 34.2174 11.089 18.8087 20.5287 13.9787 27.8371 36.0644 15.0822 25.5459 10.5276 24.8693 26.6684 15.8185 30.516 27.0321 27.1548 41.2652 13.6332 17.0099 26.5715 ]
D = [ 1478 1801 1928 2174 2554 2734 2933 3163 3319 3640 3795 4033 4383 4035 3668 3304 2829 2494 2911 3165 3605 3024 2529 1839 1289 1426 1686 1977 2217 2491 2723 2911 3152 3589 3702 4032 4186 3940 3607 3205 2956 2625 2975 3411 3559 3056 2410 1863 ]
K = 21
nk = [ 0 1 2 3 4 5 6 7 8 9 10 11 12 13 14 15 16 17 18 19 ]
First = [ 0 0 0 0 0 0 0 0 0 0 0 0 0 0 0 0 0 0 0 0 ]
Last = [ 0 0 0 0 0 0 0 0 0 0 0 0 0 0 0 0 0 0 0 0 ]
nS = 8
S = [ 1 0 0 0 0 1 1 1 0 0 0 1 0 1 0 0 0 0 1 1 ]
