n = 20 ; 
T = 48 ; 
Init = [ 1 0 1 1 1 0 0 0 1 0 0 1 1 1 1 1 0 0 0 1 ]
L = [ 5 8 4 8 7 7 7 2 8 3 3 9 6 7 3 8 10 5 6 4 ]
l = [ 5 8 4 8 7 7 7 2 8 3 3 9 6 7 3 8 10 5 6 4 ]
Pmin = [ 54 94 40 83 71 84 77 24 90 21 25 97 66 70 33 75 100 50 51 49 ]
Pmax = [ 197 360 155 344 283 319 292 63 366 67 57 377 261 272 93 303 420 178 202 160 ]
cf = [ 37.8703 46.995 46.7207 53.3041 12.5383 38.1328 69.6003 20.0769 12.865 13.1206 15.726 12.9496 34.5813 34.9575 59.3254 23.0641 59.104 48.5272 36.2249 49.2144 ]
c0 = [ 141 242 113 226 199 220 213 73 244 83 89 250 185 198 101 192 250 135 147 147 ]
cp = [ 25.395 17.7019 38.2575 18.7754 22.1949 21.9615 27.1485 37.9449 17.8476 36.6256 37.6067 12.1283 30.9354 29.8166 38.574 14.7199 8.3875 26.6441 19.7 29.3655 ]
D = [ 1285 1471 1768 2019 2098 2436 2610 2908 3054 3248 3613 3837 3935 3582 3407 2938 2593 2410 2706 3062 3462 2881 2198 1608 1018 1323 1610 1877 2058 2366 2483 2773 3025 3401 3608 3825 4145 3721 3370 3050 2598 2308 2743 3017 3423 2846 2153 1569 ]
K = 21
nk = [ 0 1 2 3 4 5 6 7 8 9 10 11 12 13 14 15 16 17 18 19 ]
First = [ 0 0 0 0 0 0 0 0 0 0 0 0 0 0 0 0 0 0 0 0 ]
Last = [ 0 0 0 0 0 0 0 0 0 0 0 0 0 0 0 0 0 0 0 0 ]
nS = 8
S = [ 1 0 0 0 1 0 0 0 0 1 1 0 0 1 1 1 0 0 0 1 ]
