n = 20 ; 
T = 48 ; 
Init = [ 0 1 0 0 1 0 0 1 1 0 1 0 0 0 0 1 0 0 1 1 ]
L = [ 4 3 6 9 4 8 9 6 3 4 4 8 7 2 4 4 5 6 10 8 ]
l = [ 4 3 6 9 4 8 9 6 3 4 4 8 7 2 4 4 5 6 10 8 ]
Pmin = [ 27 25 64 99 40 90 100 72 34 42 37 87 75 22 31 35 57 60 100 95 ]
Pmax = [ 101 75 234 389 140 353 420 280 128 134 112 358 291 67 109 105 195 237 420 366 ]
cf = [ 31.0748 50.5691 36.195 66.0243 11.0942 50.2495 56.2103 10.0548 63.3022 42.9401 63.415 41.8093 45.3373 24.7 27.7927 40.3421 60.264 26.0039 51.2943 35.9881 ]
c0 = [ 91 72 172 250 127 238 250 187 107 121 118 235 210 76 93 103 151 165 250 245 ]
cp = [ 31.3123 39.1701 29.5706 10.01 25.6129 18.3558 8.57433 33.7469 34.866 31.1936 32.2542 13.4733 13.0536 40.6753 38.749 40.6185 32.5846 21.8202 9.1357 13.3249 ]
D = [ 1228 1517 1604 1801 2148 2319 2532 2755 3065 3183 3429 3671 3806 3559 3231 2948 2578 2189 2544 2925 3173 2701 2095 1563 1056 1133 1463 1716 1840 2146 2344 2599 2716 2916 3261 3456 3681 3338 3100 2689 2520 2138 2535 2792 3313 2690 2157 1669 ]
K = 21
nk = [ 0 1 2 3 4 5 6 7 8 9 10 11 12 13 14 15 16 17 18 19 ]
First = [ 0 0 0 0 0 0 0 0 0 0 0 0 0 0 0 0 0 0 0 0 ]
Last = [ 0 0 0 0 0 0 0 0 0 0 0 0 0 0 0 0 0 0 0 0 ]
nS = 5
S = [ 1 0 0 0 0 1 0 1 0 0 0 0 1 0 0 0 1 0 0 0 ]
