n = 20 ; 
T = 48 ; 
Init = [ 1 0 1 1 0 1 0 0 0 1 0 1 0 0 1 0 1 1 1 1 ]
L = [ 9 6 7 8 3 3 4 4 7 9 5 5 7 8 3 3 8 8 5 2 ]
l = [ 9 6 7 8 3 3 4 4 7 9 5 5 7 8 3 3 8 8 5 2 ]
Pmin = [ 100 67 76 85 31 33 43 37 78 99 45 58 71 84 24 29 91 89 62 13 ]
Pmax = [ 416 268 300 337 87 91 139 136 301 403 163 218 292 352 59 92 353 351 219 33 ]
cf = [ 55.1783 20.9017 29.7396 58.1224 21.1802 17.7423 26.9806 67.8764 52.1468 18.3189 20.7078 37.7651 29.1238 32.8655 30.656 22.8291 46.5269 16.2245 7.02212 59.1897 ]
c0 = [ 250 175 196 233 104 95 131 116 202 250 140 152 197 220 81 92 237 233 176 63 ]
cp = [ 10.2021 13.8292 32.7944 29.5161 38.1541 30.3841 34.2893 25.8483 20.695 14.2768 35.0506 33.8618 22.6218 17.8507 40.6876 39.9697 12.8844 13.7862 23.1423 41.7352 ]
D = [ 1237 1524 1694 1972 2148 2340 2588 2848 3066 3214 3365 3573 3932 3513 3354 2923 2696 2402 2730 3113 3412 2903 2357 1938 1448 1677 1857 2080 2259 2497 2676 2827 3093 3312 3461 3839 3990 3562 3329 2965 2664 2286 2511 2916 3267 2837 2319 1753 ]
K = 21
nk = [ 0 1 2 3 4 5 6 7 8 9 10 11 12 13 14 15 16 17 18 19 ]
First = [ 0 0 0 0 0 0 0 0 0 0 0 0 0 0 0 0 0 0 0 0 ]
Last = [ 0 0 0 0 0 0 0 0 0 0 0 0 0 0 0 0 0 0 0 0 ]
nS = 4
S = [ 1 0 0 0 0 0 1 0 0 0 1 0 0 0 0 1 0 0 0 0 ]
