n = 20 ; 
T = 24 ; 
Init = [ 0 1 1 0 1 0 1 1 0 0 1 1 0 0 1 0 1 0 1 0 ]
L = [ 3 7 9 10 8 9 5 3 2 3 3 9 8 5 10 3 4 9 3 6 ]
l = [ 3 7 9 10 8 9 5 3 2 3 3 9 8 5 10 3 4 9 3 6 ]
Pmin = [ 23 69 98 99 91 97 51 23 26 27 36 100 88 46 100 23 39 99 17 65 ]
Pmax = [ 73 279 393 407 345 386 204 60 63 61 105 379 346 177 420 75 127 413 50 253 ]
cf = [ 66.8414 19.0101 51.9034 35.2427 32.2398 57.4712 49.2923 16.1956 60.8947 63.5007 38.2744 13.5685 39.4911 47.1423 11.899 36.1532 35.0985 54.3524 69.169 55.1022 ]
c0 = [ 70 189 249 250 249 250 149 77 80 90 115 250 238 129 250 81 124 250 59 182 ]
cp = [ 38.155 24.7379 13.5441 13.2153 14.2247 16.4729 31.1964 40.1302 41.4488 33.7933 26.2888 16.0386 17.4319 28.0912 10.7831 41.0634 34.3259 11.3733 36.6089 23.6789 ]
D = [ 2029 3985 1634 1171 1065 860 4500 324 634 1432 3761 403 2312 2435 2472 4161 1517 955 219 850 479 2510 1331 2859 ]
K = 21
nk = [ 1863292536 32614 1863292536 32614 0 0 0 0 0 0 0 0 0 0 0 0 0 0 0 0 ]
First = [ 1 1 1 1 1 1 1 1 1 1 1 1 1 1 1 1 1 1 1 1 ]
Last = [ 1 1 1 1 1 1 1 1 1 1 1 1 1 1 1 1 1 1 1 1 ]
nS = 2
S = [ 1 0 0 0 0 0 0 0 0 0 1 0 0 0 0 0 0 0 0 0 ]
