n = 20 ; 
T = 24 ; 
Init = [ 1 0 1 0 0 1 1 0 0 0 1 0 1 0 1 1 1 1 0 0 ]
L = [ 5 4 2 4 3 7 8 3 7 6 3 9 8 7 6 4 3 5 6 3 ]
l = [ 5 4 2 4 3 7 8 3 7 6 3 9 8 7 6 4 3 5 6 3 ]
Pmin = [ 60 51 23 41 30 83 80 31 81 67 24 100 84 70 59 40 34 51 63 25 ]
Pmax = [ 214 171 70 138 82 313 323 89 298 258 72 408 346 285 219 133 108 175 233 93 ]
cf = [ 54.4352 55.5199 41.6071 63.7975 63.96 11.4334 38.6905 43.0706 62.2557 18.3731 45.821 28.6662 14.4393 46.3923 21.7483 60.5759 47.0016 62.3499 42.0319 28.7973 ]
c0 = [ 164 153 65 127 100 210 216 101 220 187 85 250 225 180 152 116 112 139 168 89 ]
cp = [ 30.7455 35.5062 40.2462 30.1685 35.8068 26.4077 19.5786 33.4956 23.0043 27.299 37.9493 17.491 19.6085 20.3199 37.3929 32.4017 38.608 26.4457 25.7966 35.6549 ]
D = [ 256 256 256 256 256 256 1312 1312 1312 1312 1312 1312 256 256 256 256 256 256 1312 1312 1312 1312 1312 1312 ]
K = 21
nk = [ -862181768 32606 -862181768 32606 0 0 0 0 0 0 0 0 0 0 0 0 0 0 0 0 ]
First = [ 1 1 1 1 1 1 1 1 1 1 1 1 1 1 1 1 1 1 1 1 ]
Last = [ 1 1 1 1 1 1 1 1 1 1 1 1 1 1 1 1 1 1 1 1 ]
nS = 2
S = [ 1 0 0 0 0 0 0 0 0 0 1 0 0 0 0 0 0 0 0 0 ]
