n = 20 ; 
T = 24 ; 
Init = [ 1 0 1 1 1 1 1 1 0 0 0 0 0 1 0 0 0 0 0 0 ]
L = [ 3 4 7 2 8 10 6 3 6 8 4 9 5 5 3 4 7 8 10 8 ]
l = [ 3 4 7 2 8 10 6 3 6 8 4 9 5 5 3 4 7 8 10 8 ]
Pmin = [ 34 37 71 12 86 100 72 38 62 81 40 89 46 45 33 40 71 79 100 92 ]
Pmax = [ 116 136 272 33 343 407 274 110 232 333 152 359 162 167 106 145 279 318 420 358 ]
cf = [ 27.2865 21.4609 49.7044 63.006 39.7689 21.6504 24.3284 63.4829 41.0916 34.4729 45.2403 30.4111 60.4986 35.1403 24.5816 42.2282 11.3667 49.059 37.0127 13.7019 ]
c0 = [ 111 109 200 60 233 250 192 121 161 212 128 233 134 128 103 108 198 206 250 240 ]
cp = [ 33.1302 34.7441 18.7726 41.8799 16.0649 14.1528 20.4723 18.6515 25.1559 14.6467 27.6219 10.3701 35.1408 24.7387 38.5265 24.9975 24.0637 14.9601 9.3461 18.3606 ]
D = [ 27 27 27 27 27 27 2047 2047 2047 2047 2047 2047 27 27 27 27 27 27 2047 2047 2047 2047 2047 2047 ]
K = 21
nk = [ -862181768 32606 -862181768 32606 0 0 0 0 0 0 0 0 0 0 0 0 0 0 0 0 ]
First = [ 1 1 1 1 1 1 1 1 1 1 1 1 1 1 1 1 1 1 1 1 ]
Last = [ 1 1 1 1 1 1 1 1 1 1 1 1 1 1 1 1 1 1 1 1 ]
nS = 2
S = [ 1 0 0 0 0 0 0 0 0 0 1 0 0 0 0 0 0 0 0 0 ]
