n = 20 ; 
T = 24 ; 
Init = [ 0 1 0 1 0 0 1 0 1 0 0 1 0 0 1 1 1 0 0 1 ]
L = [ 3 4 8 3 4 5 7 5 9 4 5 6 7 7 2 5 7 3 7 7 ]
l = [ 3 4 8 3 4 5 7 5 9 4 5 6 7 7 2 5 7 3 7 7 ]
Pmin = [ 37 31 92 23 40 48 79 46 95 45 42 61 70 79 22 48 70 30 76 73 ]
Pmax = [ 107 110 356 84 124 184 316 158 394 145 157 248 283 295 58 173 261 110 293 278 ]
cf = [ 44.6435 11.0463 47.809 55.6386 67.6863 23.1949 24.5206 52.7234 31.8078 63.9767 28.143 59.9924 42.9187 22.2865 14.8226 60.6125 60.6598 63.6415 28.2176 23.2846 ]
c0 = [ 109 99 250 73 114 138 216 131 248 118 122 165 184 206 74 129 189 98 211 198 ]
cp = [ 38.1242 34.7834 28.9277 34.1247 35.3619 34.2798 24.0677 37.2733 16.7439 34.5913 23.0726 19.0198 18.5611 21.1191 41.0948 29.9261 19.0117 37.8049 24.2362 17.0021 ]
D = [ 311 311 311 311 311 311 1168 1168 1168 1168 1168 1168 311 311 311 311 311 311 1168 1168 1168 1168 1168 1168 ]
K = 21
nk = [ -862181768 32606 -862181768 32606 0 0 0 0 0 0 0 0 0 0 0 0 0 0 0 0 ]
First = [ 1 1 1 1 1 1 1 1 1 1 1 1 1 1 1 1 1 1 1 1 ]
Last = [ 1 1 1 1 1 1 1 1 1 1 1 1 1 1 1 1 1 1 1 1 ]
nS = 2
S = [ 1 0 0 0 0 0 0 0 0 0 1 0 0 0 0 0 0 0 0 0 ]
