n = 20 ; 
T = 24 ; 
Init = [ 1 1 0 0 1 0 1 0 1 0 1 1 0 0 1 0 0 0 1 1 ]
L = [ 3 7 8 9 6 9 5 8 5 7 4 2 8 6 5 9 6 4 3 9 ]
l = [ 3 7 8 9 6 9 5 8 5 7 4 2 8 6 5 9 6 4 3 9 ]
Pmin = [ 29 84 78 100 62 93 57 79 54 73 39 25 89 73 58 95 69 39 24 98 ]
Pmax = [ 76 316 315 402 236 371 196 327 187 279 147 75 355 281 205 370 260 128 71 387 ]
cf = [ 49.1649 57.4918 63.501 15.2458 26.8283 53.431 61.8565 68.2549 34.881 28.5512 41.1314 45.2831 12.5785 11.0898 17.4527 57.2683 39.1521 25.1845 31.431 17.1697 ]
c0 = [ 85 227 210 250 176 243 150 213 155 192 122 83 227 187 153 250 189 106 83 250 ]
cp = [ 40.2065 29.139 21.9089 9.91724 27.7222 12.8449 26.3645 15.6636 31.1006 16.796 39.5687 41.0799 23.96 16.4901 26.761 19.1611 22.8707 27.4545 33.8884 14.939 ]
D = [ 272 272 272 272 272 272 1634 1634 1634 1634 1634 1634 272 272 272 272 272 272 1634 1634 1634 1634 1634 1634 ]
K = 21
nk = [ -862181768 32606 -862181768 32606 0 0 0 0 0 0 0 0 0 0 0 0 0 0 0 0 ]
First = [ 1 1 1 1 1 1 1 1 1 1 1 1 1 1 1 1 1 1 1 1 ]
Last = [ 1 1 1 1 1 1 1 1 1 1 1 1 1 1 1 1 1 1 1 1 ]
nS = 2
S = [ 1 0 0 0 0 0 0 0 0 0 1 0 0 0 0 0 0 0 0 0 ]
