n = 20 ; 
T = 24 ; 
Init = [ 0 0 0 0 0 0 0 0 0 0 0 0 0 0 1 1 1 1 1 1 ]
L = [ 5 5 5 5 5 5 4 4 4 4 9 9 9 9 3 3 3 3 3 3 ]
l = [ 5 5 5 5 5 5 4 4 4 4 9 9 9 9 3 3 3 3 3 3 ]
Pmin = [ 55 55 55 55 55 55 34 34 34 34 93 93 93 93 30 30 30 30 30 30 ]
Pmax = [ 192 192 192 192 192 192 119 119 119 119 382 382 382 382 103 103 103 103 103 103 ]
cf = [ 58.2954 58.2954 58.2954 58.2954 58.2954 58.2954 13.5682 13.5682 13.5682 13.5682 20.783 20.783 20.783 20.783 58.7707 58.7707 58.7707 58.7707 58.7707 58.7707 ]
c0 = [ 150 150 150 150 150 150 111 111 111 111 235 235 235 235 95 95 95 95 95 95 ]
cp = [ 31.9158 31.9158 31.9158 31.9158 31.9158 31.9158 39.0155 39.0155 39.0155 39.0155 20.49 20.49 20.49 20.49 36.6865 36.6865 36.6865 36.6865 36.6865 36.6865 ]
D = [ 1881 387 369 849 1993 169 2446 324 26 449 2336 3099 842 3161 2426 596 678 1577 750 3586 857 1056 179 3599 ]
K = 4
nk = [ 1 1 1 1 1 1 2 2 2 2 3 3 3 3 4 4 4 4 4 4 ]
First = [ 1 0 0 0 0 0 1 0 0 0 1 0 0 0 1 0 0 0 0 0 ]
Last = [ 0 0 0 0 0 1 0 0 0 1 0 0 0 1 0 0 0 0 0 1 ]
nS = 4
S = [ 1 0 0 0 0 0 1 0 0 0 1 0 0 0 1 0 0 0 0 0 ]
