n = 20 ; 
T = 24 ; 
Init = [ 0 0 0 0 1 1 1 0 0 0 1 1 1 0 0 0 0 0 0 0 ]
L = [ 3 3 3 3 3 3 3 6 6 6 4 9 9 7 7 7 7 7 4 4 ]
l = [ 3 3 3 3 3 3 3 6 6 6 4 9 9 7 7 7 7 7 4 4 ]
Pmin = [ 26 26 26 26 29 29 29 62 62 62 38 96 96 75 75 75 75 75 40 40 ]
Pmax = [ 75 75 75 75 96 96 96 252 252 252 139 399 399 307 307 307 307 307 126 126 ]
cf = [ 58.1597 58.1597 58.1597 58.1597 33.6772 33.6772 33.6772 65.7364 65.7364 65.7364 54.9281 20.941 20.941 46.4593 46.4593 46.4593 46.4593 46.4593 39.2024 39.2024 ]
c0 = [ 73 73 73 73 88 88 88 175 175 175 104 244 244 199 199 199 199 199 111 111 ]
cp = [ 30.5546 30.5546 30.5546 30.5546 36.381 36.381 36.381 22.3449 22.3449 22.3449 40.9304 10.2493 10.2493 21.1718 21.1718 21.1718 21.1718 21.1718 32.7008 32.7008 ]
D = [ 3062 2285 841 2326 1419 2954 1814 1213 407 2846 1954 3710 501 1679 2737 1401 159 748 3821 3802 2705 450 3589 2228 ]
K = 7
nk = [ 1 1 1 1 2 2 2 3 3 3 4 5 5 6 6 6 6 6 7 7 ]
First = [ 1 0 0 0 1 0 0 1 0 0 1 1 0 1 0 0 0 0 1 0 ]
Last = [ 0 0 0 1 0 0 1 0 0 1 1 0 1 0 0 0 0 1 0 1 ]
nS = 7
S = [ 1 0 0 0 1 0 0 1 0 0 1 1 0 1 0 0 0 0 1 0 ]
