n = 20 ; 
T = 24 ; 
Init = [ 0 0 0 0 0 0 0 0 0 1 0 1 1 1 1 0 0 0 0 1 ]
L = [ 3 3 3 8 8 8 8 8 8 3 3 6 6 6 6 9 9 9 9 4 ]
l = [ 3 3 3 8 8 8 8 8 8 3 3 6 6 6 6 9 9 9 9 4 ]
Pmin = [ 40 40 40 93 93 93 93 93 93 25 30 59 59 59 59 91 91 91 91 34 ]
Pmax = [ 125 125 125 371 371 371 371 371 371 57 81 235 235 235 235 377 377 377 377 110 ]
cf = [ 67.6665 67.6665 67.6665 47.6169 47.6169 47.6169 47.6169 47.6169 47.6169 37.515 31.4519 47.3159 47.3159 47.3159 47.3159 64.3067 64.3067 64.3067 64.3067 57.9951 ]
c0 = [ 128 128 128 240 240 240 240 240 240 78 97 154 154 154 154 229 229 229 229 102 ]
cp = [ 31.5077 31.5077 31.5077 13.2903 13.2903 13.2903 13.2903 13.2903 13.2903 37.4035 39.474 35.2832 35.2832 35.2832 35.2832 22.7455 22.7455 22.7455 22.7455 37.3575 ]
D = [ 1895 697 12 4102 4097 5026 1733 2682 2572 1378 793 2376 4793 3359 4432 2886 2880 3423 3305 5027 269 5209 1780 3809 ]
K = 7
nk = [ 1 1 1 2 2 2 2 2 2 3 4 5 5 5 5 6 6 6 6 7 ]
First = [ 1 0 0 1 0 0 0 0 0 1 1 1 0 0 0 1 0 0 0 1 ]
Last = [ 0 0 1 0 0 0 0 0 1 1 1 0 0 0 1 0 0 0 1 1 ]
nS = 7
S = [ 1 0 0 1 0 0 0 0 0 1 1 1 0 0 0 1 0 0 0 1 ]
