n = 20 ; 
T = 24 ; 
Init = [ 0 0 0 0 0 0 0 0 0 0 0 0 0 0 0 0 0 0 0 0 ]
L = [ 8 3 3 3 3 3 3 3 3 3 3 3 3 10 10 10 5 5 5 5 ]
l = [ 8 3 3 3 3 3 3 3 3 3 3 3 3 10 10 10 5 5 5 5 ]
Pmin = [ 85 30 30 30 30 30 30 23 23 23 23 23 23 100 100 100 61 61 61 61 ]
Pmax = [ 330 104 104 104 104 104 104 59 59 59 59 59 59 417 417 417 222 222 222 222 ]
cf = [ 56.6257 27.2453 27.2453 27.2453 27.2453 27.2453 27.2453 20.6643 20.6643 20.6643 20.6643 20.6643 20.6643 30.698 30.698 30.698 13.0649 13.0649 13.0649 13.0649 ]
c0 = [ 232 85 85 85 85 85 85 65 65 65 65 65 65 250 250 250 158 158 158 158 ]
cp = [ 16.8096 36.6589 36.6589 36.6589 36.6589 36.6589 36.6589 35.4297 35.4297 35.4297 35.4297 35.4297 35.4297 11.585 11.585 11.585 30.5865 30.5865 30.5865 30.5865 ]
D = [ 3155 1821 1805 726 3162 698 905 2010 402 212 3014 3118 1319 314 967 1651 1909 3248 528 2862 1706 753 3110 607 ]
K = 5
nk = [ 1 2 2 2 2 2 2 3 3 3 3 3 3 4 4 4 5 5 5 5 ]
First = [ 1 1 0 0 0 0 0 1 0 0 0 0 0 1 0 0 1 0 0 0 ]
Last = [ 1 0 0 0 0 0 1 0 0 0 0 0 1 0 0 1 0 0 0 1 ]
nS = 5
S = [ 1 1 0 0 0 0 0 1 0 0 0 0 0 1 0 0 1 0 0 0 ]
