n = 20 ; 
T = 24 ; 
Init = [ 1 1 1 1 1 1 1 1 1 1 1 0 0 0 0 0 1 1 1 1 ]
L = [ 5 5 5 5 7 7 7 7 6 6 6 7 7 7 7 7 5 5 5 5 ]
l = [ 5 5 5 5 7 7 7 7 6 6 6 7 7 7 7 7 5 5 5 5 ]
Pmin = [ 61 61 61 61 72 72 72 72 59 59 59 75 75 75 75 75 49 49 50 50 ]
Pmax = [ 219 219 219 219 288 288 288 288 241 241 241 307 307 307 307 307 195 195 190 190 ]
cf = [ 35.4162 35.4162 35.4162 35.4162 15.2376 15.2376 15.2376 15.2376 17.5704 17.5704 17.5704 42.1339 42.1339 42.1339 42.1339 42.1339 42.3301 42.3301 46.8501 46.8501 ]
c0 = [ 165 165 165 165 184 184 184 184 157 157 157 204 204 204 204 204 144 144 137 137 ]
cp = [ 25.5831 25.5831 25.5831 25.5831 19.2569 19.2569 19.2569 19.2569 26.6952 26.6952 26.6952 24.8594 24.8594 24.8594 24.8594 24.8594 31.136 31.136 27.4774 27.4774 ]
D = [ 1531 2276 4078 2124 2071 3825 3094 3290 3164 2490 36 389 3151 885 3208 930 4083 1506 4745 1778 3512 2170 1552 729 ]
K = 6
nk = [ 1 1 1 1 2 2 2 2 3 3 3 4 4 4 4 4 5 5 6 6 ]
First = [ 1 0 0 0 1 0 0 0 1 0 0 1 0 0 0 0 1 0 1 0 ]
Last = [ 0 0 0 1 0 0 0 1 0 0 1 0 0 0 0 1 0 1 0 1 ]
nS = 6
S = [ 1 0 0 0 1 0 0 0 1 0 0 1 0 0 0 0 1 0 1 0 ]
