n = 20 ; 
T = 24 ; 
Init = [ 1 1 1 1 1 1 0 1 1 1 1 0 0 0 0 0 0 0 0 0 ]
L = [ 6 6 6 6 6 6 5 5 5 5 5 9 9 9 9 9 7 7 7 7 ]
l = [ 6 6 6 6 6 6 5 5 5 5 5 9 9 9 9 9 7 7 7 7 ]
Pmin = [ 70 70 70 70 70 70 51 53 53 53 53 86 86 86 86 86 81 81 81 81 ]
Pmax = [ 252 252 252 252 252 252 183 182 182 182 182 358 358 358 358 358 299 299 299 299 ]
cf = [ 45.9591 45.9591 45.9591 45.9591 45.9591 45.9591 41.059 39.8862 39.8862 39.8862 39.8862 18.4765 18.4765 18.4765 18.4765 18.4765 12.4756 12.4756 12.4756 12.4756 ]
c0 = [ 198 198 198 198 198 198 137 158 158 158 158 231 231 231 231 231 212 212 212 212 ]
cp = [ 27.8187 27.8187 27.8187 27.8187 27.8187 27.8187 20.3204 32.1963 32.1963 32.1963 32.1963 20.5391 20.5391 20.5391 20.5391 20.5391 21.808 21.808 21.808 21.808 ]
D = [ 1983 3596 2072 4024 1951 625 292 1886 2377 4647 1955 312 2162 4779 1298 2632 854 4846 1704 3302 4400 3908 4876 5261 ]
K = 5
nk = [ 1 1 1 1 1 1 2 3 3 3 3 4 4 4 4 4 5 5 5 5 ]
First = [ 1 0 0 0 0 0 1 1 0 0 0 1 0 0 0 0 1 0 0 0 ]
Last = [ 0 0 0 0 0 1 1 0 0 0 1 0 0 0 0 1 0 0 0 1 ]
nS = 5
S = [ 1 0 0 0 0 0 1 1 0 0 0 1 0 0 0 0 1 0 0 0 ]
