n = 20 ; 
T = 24 ; 
Init = [ 1 1 1 1 1 0 0 1 0 0 0 1 1 1 1 1 1 1 1 1 ]
L = [ 5 5 5 5 5 5 5 6 3 3 3 4 4 4 4 4 4 7 7 7 ]
l = [ 5 5 5 5 5 5 5 6 3 3 3 4 4 4 4 4 4 7 7 7 ]
Pmin = [ 46 46 46 46 46 54 54 71 37 37 37 41 41 41 41 41 41 76 76 76 ]
Pmax = [ 157 157 157 157 157 192 192 261 124 124 124 137 137 137 137 137 137 275 275 275 ]
cf = [ 28.7055 28.7055 28.7055 28.7055 28.7055 14.5395 14.5395 38.4824 54.3246 54.3246 54.3246 55.2782 55.2782 55.2782 55.2782 55.2782 55.2782 39.5384 39.5384 39.5384 ]
c0 = [ 129 129 129 129 129 142 142 189 117 117 117 120 120 120 120 120 120 204 204 204 ]
cp = [ 34.0242 34.0242 34.0242 34.0242 34.0242 30.7571 30.7571 22.309 35.6797 35.6797 35.6797 31.5547 31.5547 31.5547 31.5547 31.5547 31.5547 13.0635 13.0635 13.0635 ]
D = [ 2103 1091 1125 766 2765 108 1676 933 217 3218 2219 1405 181 494 547 2824 2275 1719 3138 1388 498 2504 1752 3169 ]
K = 6
nk = [ 1 1 1 1 1 2 2 3 4 4 4 5 5 5 5 5 5 6 6 6 ]
First = [ 1 0 0 0 0 1 0 1 1 0 0 1 0 0 0 0 0 1 0 0 ]
Last = [ 0 0 0 0 1 0 1 1 0 0 1 0 0 0 0 0 1 0 0 1 ]
nS = 6
S = [ 1 0 0 0 0 1 0 1 1 0 0 1 0 0 0 0 0 1 0 0 ]
