n = 20 ; 
T = 24 ; 
Init = [ 1 1 0 0 0 0 0 1 0 0 0 0 0 0 0 0 0 0 0 0 ]
L = [ 7 7 4 4 4 4 4 3 9 9 9 9 9 9 9 5 5 5 5 9 ]
l = [ 7 7 4 4 4 4 4 3 9 9 9 9 9 9 9 5 5 5 5 9 ]
Pmin = [ 78 78 48 48 48 48 48 28 90 90 90 90 90 90 96 55 51 51 51 98 ]
Pmax = [ 307 307 180 180 180 180 180 91 372 372 372 372 372 372 387 192 183 183 183 392 ]
cf = [ 13.9296 13.9296 50.0834 50.0834 50.0834 50.0834 50.0834 47.5302 33.887 33.887 33.887 33.887 33.887 33.887 22.1352 10.4695 45.766 45.766 45.766 57.6214 ]
c0 = [ 197 197 134 134 134 134 134 97 237 237 237 237 237 237 250 158 133 133 133 250 ]
cp = [ 19.7498 19.7498 25.9587 25.9587 25.9587 25.9587 25.9587 38.1029 11.9748 11.9748 11.9748 11.9748 11.9748 11.9748 13.4601 34.0844 33.4441 33.4441 33.4441 11.0523 ]
D = [ 2711 1250 4100 4794 4761 5002 3661 1962 3702 4934 3712 4291 3241 1802 1221 4528 2097 4517 3475 1966 4982 1216 1990 1855 ]
K = 8
nk = [ 1 1 2 2 2 2 2 3 4 4 4 4 4 4 5 6 7 7 7 8 ]
First = [ 1 0 1 0 0 0 0 1 1 0 0 0 0 0 1 1 1 0 0 1 ]
Last = [ 0 1 0 0 0 0 1 1 0 0 0 0 0 1 1 1 0 0 1 1 ]
nS = 8
S = [ 1 0 1 0 0 0 0 1 1 0 0 0 0 0 1 1 1 0 0 1 ]
