n = 20 ; 
T = 24 ; 
Init = [ 0 0 0 0 1 1 1 1 1 1 0 0 0 0 0 0 0 0 0 1 ]
L = [ 7 7 7 7 6 6 6 6 6 6 7 7 7 7 8 8 8 8 8 9 ]
l = [ 7 7 7 7 6 6 6 6 6 6 7 7 7 7 8 8 8 8 8 9 ]
Pmin = [ 81 81 81 81 58 58 58 58 58 58 80 80 80 80 85 85 85 85 85 100 ]
Pmax = [ 321 321 321 321 223 223 223 223 223 223 294 294 294 294 346 346 346 346 346 420 ]
cf = [ 20.445 20.445 20.445 20.445 63.3193 63.3193 63.3193 63.3193 63.3193 63.3193 63.679 63.679 63.679 63.679 18.6694 18.6694 18.6694 18.6694 18.6694 53.438 ]
c0 = [ 222 222 222 222 169 169 169 169 169 169 207 207 207 207 215 215 215 215 215 250 ]
cp = [ 28.3326 28.3326 28.3326 28.3326 21.2636 21.2636 21.2636 21.2636 21.2636 21.2636 26.3808 26.3808 26.3808 26.3808 18.8565 18.8565 18.8565 18.8565 18.8565 9.06868 ]
D = [ 5037 2484 5740 2663 4016 5815 4191 1542 2693 5451 3382 3962 4820 2785 5064 3257 5466 4613 4576 225 4880 1210 5816 4663 ]
K = 5
nk = [ 1 1 1 1 2 2 2 2 2 2 3 3 3 3 4 4 4 4 4 5 ]
First = [ 1 0 0 0 1 0 0 0 0 0 1 0 0 0 1 0 0 0 0 1 ]
Last = [ 0 0 0 1 0 0 0 0 0 1 0 0 0 1 0 0 0 0 1 1 ]
nS = 5
S = [ 1 0 0 0 1 0 0 0 0 0 1 0 0 0 1 0 0 0 0 1 ]
