n = 20 ; 
T = 24 ; 
Init = [ 1 1 1 0 0 0 0 0 0 0 0 0 0 0 0 0 0 0 0 0 ]
L = [ 6 6 6 4 4 4 4 4 4 8 8 8 8 8 8 7 7 7 7 4 ]
l = [ 6 6 6 4 4 4 4 4 4 8 8 8 8 8 8 7 7 7 7 4 ]
Pmin = [ 66 66 66 43 43 43 43 43 43 87 87 87 87 87 87 75 75 75 75 37 ]
Pmax = [ 238 238 238 136 136 136 136 136 136 340 340 340 340 340 340 289 289 289 289 110 ]
cf = [ 38.8121 38.8121 38.8121 19.994 19.994 19.994 19.994 19.994 19.994 28.0288 28.0288 28.0288 28.0288 28.0288 28.0288 13.4252 13.4252 13.4252 13.4252 23.39 ]
c0 = [ 188 188 188 124 124 124 124 124 124 232 232 232 232 232 232 193 193 193 193 105 ]
cp = [ 27.7588 27.7588 27.7588 18.9899 18.9899 18.9899 18.9899 18.9899 18.9899 12.6608 12.6608 12.6608 12.6608 12.6608 12.6608 18.6286 18.6286 18.6286 18.6286 34.8686 ]
D = [ 1343 4325 2496 1875 1039 434 1840 913 1827 3856 3666 4269 17 444 4762 1275 1521 4555 566 1334 3526 4209 397 4587 ]
K = 5
nk = [ 1 1 1 2 2 2 2 2 2 3 3 3 3 3 3 4 4 4 4 5 ]
First = [ 1 0 0 1 0 0 0 0 0 1 0 0 0 0 0 1 0 0 0 1 ]
Last = [ 0 0 1 0 0 0 0 0 1 0 0 0 0 0 1 0 0 0 1 1 ]
nS = 5
S = [ 1 0 0 1 0 0 0 0 0 1 0 0 0 0 0 1 0 0 0 1 ]
