n = 20 ; 
T = 24 ; 
Init = [ 1 1 1 1 1 1 1 1 1 1 1 1 1 1 1 1 1 0 0 0 ]
L = [ 6 6 6 6 6 6 4 5 5 5 5 6 6 6 6 6 6 5 2 2 ]
l = [ 6 6 6 6 6 6 4 5 5 5 5 6 6 6 6 6 6 5 2 2 ]
Pmin = [ 66 66 66 66 66 66 36 45 45 45 45 65 65 65 65 65 65 52 16 16 ]
Pmax = [ 255 255 255 255 255 255 118 153 153 153 153 239 239 239 239 239 239 197 29 29 ]
cf = [ 40.4533 40.4533 40.4533 40.4533 40.4533 40.4533 40.2454 62.7497 62.7497 62.7497 62.7497 66.3281 66.3281 66.3281 66.3281 66.3281 66.3281 28.7288 23.0746 23.0746 ]
c0 = [ 172 172 172 172 172 172 99 132 132 132 132 167 167 167 167 167 167 155 56 56 ]
cp = [ 17.5856 17.5856 17.5856 17.5856 17.5856 17.5856 28.1585 33.6607 33.6607 33.6607 33.6607 30.5627 30.5627 30.5627 30.5627 30.5627 30.5627 27.5829 41.8482 41.8482 ]
D = [ 756 2137 3207 2737 811 2833 2035 2017 1478 1080 3866 3575 3163 3411 3345 576 470 3049 2000 1992 1858 1909 284 1105 ]
K = 6
nk = [ 1 1 1 1 1 1 2 3 3 3 3 4 4 4 4 4 4 5 6 6 ]
First = [ 1 0 0 0 0 0 1 1 0 0 0 1 0 0 0 0 0 1 1 0 ]
Last = [ 0 0 0 0 0 1 1 0 0 0 1 0 0 0 0 0 1 1 0 1 ]
nS = 6
S = [ 1 0 0 0 0 0 1 1 0 0 0 1 0 0 0 0 0 1 1 0 ]
