n = 20 ; 
T = 24 ; 
Init = [ 0 0 0 0 0 1 1 0 1 1 0 0 0 0 0 1 1 0 0 0 ]
L = [ 7 7 7 7 7 9 9 5 4 4 3 3 3 3 3 3 3 8 8 8 ]
l = [ 7 7 7 7 7 9 9 5 4 4 3 3 3 3 3 3 3 8 8 8 ]
Pmin = [ 69 69 69 69 69 100 100 46 44 44 31 31 31 31 31 34 34 93 93 93 ]
Pmax = [ 282 282 282 282 282 416 416 174 142 142 85 85 85 85 85 113 113 371 371 371 ]
cf = [ 18.8463 18.8463 18.8463 18.8463 18.8463 22.9867 22.9867 27.294 45.1667 45.1667 24.9608 24.9608 24.9608 24.9608 24.9608 34.6002 34.6002 35.627 35.627 35.627 ]
c0 = [ 198 198 198 198 198 250 250 129 117 117 99 99 99 99 99 115 115 250 250 250 ]
cp = [ 22.5719 22.5719 22.5719 22.5719 22.5719 12.4135 12.4135 27.8737 20.9306 20.9306 37.3344 37.3344 37.3344 37.3344 37.3344 37.5989 37.5989 15.1507 15.1507 15.1507 ]
D = [ 2986 1680 3647 3210 1048 4452 2925 2844 2895 475 4199 3735 1608 1173 1975 2881 3129 4004 2723 655 2640 1950 2461 1457 ]
K = 7
nk = [ 1 1 1 1 1 2 2 3 4 4 5 5 5 5 5 6 6 7 7 7 ]
First = [ 1 0 0 0 0 1 0 1 1 0 1 0 0 0 0 1 0 1 0 0 ]
Last = [ 0 0 0 0 1 0 1 1 0 1 0 0 0 0 1 0 1 0 0 1 ]
nS = 7
S = [ 1 0 0 0 0 1 0 1 1 0 1 0 0 0 0 1 0 1 0 0 ]
