n = 20 ; 
T = 24 ; 
Init = [ 0 0 0 0 0 1 1 1 1 1 1 1 1 1 1 1 1 1 1 1 ]
L = [ 5 5 5 5 5 9 9 9 9 9 9 2 2 2 2 2 2 7 7 7 ]
l = [ 5 5 5 5 5 9 9 9 9 9 9 2 2 2 2 2 2 7 7 7 ]
Pmin = [ 50 50 50 50 50 92 92 92 92 92 92 26 26 26 26 26 26 77 77 77 ]
Pmax = [ 166 166 166 166 166 378 378 378 378 378 378 60 60 60 60 60 60 291 291 291 ]
cf = [ 47.3097 47.3097 47.3097 47.3097 47.3097 28.2523 28.2523 28.2523 28.2523 28.2523 28.2523 61.2908 61.2908 61.2908 61.2908 61.2908 61.2908 54.741 54.741 54.741 ]
c0 = [ 137 137 137 137 137 236 236 236 236 236 236 91 91 91 91 91 91 198 198 198 ]
cp = [ 32.7457 32.7457 32.7457 32.7457 32.7457 15.0076 15.0076 15.0076 15.0076 15.0076 15.0076 41.0105 41.0105 41.0105 41.0105 41.0105 41.0105 19.4149 19.4149 19.4149 ]
D = [ 1366 3996 4083 2046 3745 212 4155 1096 88 2788 1536 2859 4249 938 1810 3291 2873 4329 1914 3815 2796 986 1843 2154 ]
K = 4
nk = [ 1 1 1 1 1 2 2 2 2 2 2 3 3 3 3 3 3 4 4 4 ]
First = [ 1 0 0 0 0 1 0 0 0 0 0 1 0 0 0 0 0 1 0 0 ]
Last = [ 0 0 0 0 1 0 0 0 0 0 1 0 0 0 0 0 1 0 0 1 ]
nS = 4
S = [ 1 0 0 0 0 1 0 0 0 0 0 1 0 0 0 0 0 1 0 0 ]
