n = 20 ; 
T = 24 ; 
Init = [ 1 0 0 0 0 0 0 0 0 1 1 1 1 1 1 1 1 1 1 1 ]
L = [ 6 3 3 3 3 9 2 4 4 7 7 7 7 7 7 6 6 6 6 6 ]
l = [ 6 3 3 3 3 9 2 4 4 7 7 7 7 7 7 6 6 6 6 6 ]
Pmin = [ 67 36 36 36 36 91 13 37 37 80 80 80 80 80 80 55 55 55 55 55 ]
Pmax = [ 246 107 107 107 107 376 33 138 138 299 299 299 299 299 299 213 213 213 213 213 ]
cf = [ 60.6033 38.0353 38.0353 38.0353 38.0353 11.8114 11.4132 29.5664 29.5664 52.0054 52.0054 52.0054 52.0054 52.0054 52.0054 38.8775 38.8775 38.8775 38.8775 38.8775 ]
c0 = [ 191 116 116 116 116 242 62 110 110 210 210 210 210 210 210 151 151 151 151 151 ]
cp = [ 24.5345 38.623 38.623 38.623 38.623 18.0933 41.3285 26.0182 26.0182 19.0151 19.0151 19.0151 19.0151 19.0151 19.0151 17.9085 17.9085 17.9085 17.9085 17.9085 ]
D = [ 4002 2020 2981 8 2739 4133 1172 3045 2033 807 1116 1404 2885 1439 1699 178 234 3834 168 1981 886 1968 3468 1896 ]
K = 7
nk = [ 1 2 2 2 2 3 4 5 5 6 6 6 6 6 6 7 7 7 7 7 ]
First = [ 1 1 0 0 0 1 1 1 0 1 0 0 0 0 0 1 0 0 0 0 ]
Last = [ 1 0 0 0 1 1 1 0 1 0 0 0 0 0 1 0 0 0 0 1 ]
nS = 7
S = [ 1 1 0 0 0 1 1 1 0 1 0 0 0 0 0 1 0 0 0 0 ]
