n = 30 ; 
T = 24 ; 
Init = [ 0 0 0 0 1 1 1 1 1 1 1 1 0 0 0 0 1 1 1 1 1 1 1 1 1 1 1 1 1 1 ]
L = [ 7 7 7 7 4 4 4 4 4 4 4 3 7 7 7 7 4 4 4 6 6 4 4 4 4 4 4 4 4 4 ]
l = [ 7 7 7 7 4 4 4 4 4 4 4 3 7 7 7 7 4 4 4 6 6 4 4 4 4 4 4 4 4 4 ]
Pmin = [ 83 83 83 83 42 42 42 42 42 42 42 38 81 81 81 81 42 42 42 56 56 36 36 36 36 36 36 36 36 36 ]
Pmax = [ 311 311 311 311 159 159 159 159 159 159 159 125 314 314 314 314 163 163 163 224 224 136 136 136 127 127 127 127 127 127 ]
cf = [ 34.1707 34.1707 34.1707 34.1707 14.0033 14.0033 14.0033 14.0033 14.0033 14.0033 14.0033 32.3066 55.1887 55.1887 55.1887 55.1887 24.5924 24.5924 24.5924 67.9414 67.9414 23.7772 23.7772 23.7772 46.1622 46.1622 46.1622 46.1622 46.1622 46.1622 ]
c0 = [ 221 221 221 221 131 131 131 131 131 131 131 109 209 209 209 209 125 125 125 157 157 105 105 105 112 112 112 112 112 112 ]
cp = [ 19.2307 19.2307 19.2307 19.2307 29.8007 29.8007 29.8007 29.8007 29.8007 29.8007 29.8007 37.4953 18.5325 18.5325 18.5325 18.5325 29.1007 29.1007 29.1007 26.5427 26.5427 30.2114 30.2114 30.2114 28.0235 28.0235 28.0235 28.0235 28.0235 28.0235 ]
D = [ 73 4413 4517 2421 3039 304 2230 4595 3937 431 5145 689 4564 364 5000 5790 440 1603 1443 2093 9 3635 3441 1628 ]
K = 8
nk = [ 1 1 1 1 2 2 2 2 2 2 2 3 4 4 4 4 5 5 5 6 6 7 7 7 8 8 8 8 8 8 ]
First = [ 1 0 0 0 1 0 0 0 0 0 0 1 1 0 0 0 1 0 0 1 0 1 0 0 1 0 0 0 0 0 ]
Last = [ 0 0 0 1 0 0 0 0 0 0 1 1 0 0 0 1 0 0 1 0 1 0 0 1 0 0 0 0 0 1 ]
nS = 8
S = [ 1 0 0 0 1 0 0 0 0 0 0 1 1 0 0 0 1 0 0 1 0 1 0 0 1 0 0 0 0 0 ]
