n = 30 ; 
T = 24 ; 
Init = [ 1 1 1 1 1 1 1 1 1 0 0 0 0 0 0 0 0 0 0 0 0 0 0 0 0 0 0 0 1 1 ]
L = [ 8 8 8 8 8 8 8 8 8 8 8 8 4 4 4 4 4 2 2 2 2 2 2 9 9 9 9 9 2 2 ]
l = [ 8 8 8 8 8 8 8 8 8 8 8 8 4 4 4 4 4 2 2 2 2 2 2 9 9 9 9 9 2 2 ]
Pmin = [ 82 82 82 82 82 82 82 95 95 83 83 83 40 40 40 40 40 22 22 22 22 22 22 91 91 91 91 91 19 19 ]
Pmax = [ 316 316 316 316 316 316 316 366 366 319 319 319 158 158 158 158 158 56 56 56 56 56 56 374 374 374 374 374 41 41 ]
cf = [ 24.2763 24.2763 24.2763 24.2763 24.2763 24.2763 24.2763 28.274 28.274 12.1155 12.1155 12.1155 25.5878 25.5878 25.5878 25.5878 25.5878 61.6167 61.6167 61.6167 61.6167 61.6167 61.6167 38.4593 38.4593 38.4593 38.4593 38.4593 69.7402 69.7402 ]
c0 = [ 227 227 227 227 227 227 227 247 247 209 209 209 118 118 118 118 118 74 74 74 74 74 74 244 244 244 244 244 71 71 ]
cp = [ 22.795 22.795 22.795 22.795 22.795 22.795 22.795 16.7052 16.7052 21.0748 21.0748 21.0748 38.3664 38.3664 38.3664 38.3664 38.3664 37.9671 37.9671 37.9671 37.9671 37.9671 37.9671 17.1668 17.1668 17.1668 17.1668 17.1668 41.7589 41.7589 ]
D = [ 6609 1782 4500 197 3841 3571 3682 3812 488 842 2278 4602 3629 454 6847 2805 2026 758 4335 6929 4713 6088 5270 6438 ]
K = 7
nk = [ 1 1 1 1 1 1 1 2 2 3 3 3 4 4 4 4 4 5 5 5 5 5 5 6 6 6 6 6 7 7 ]
First = [ 1 0 0 0 0 0 0 1 0 1 0 0 1 0 0 0 0 1 0 0 0 0 0 1 0 0 0 0 1 0 ]
Last = [ 0 0 0 0 0 0 1 0 1 0 0 1 0 0 0 0 1 0 0 0 0 0 1 0 0 0 0 1 0 1 ]
nS = 7
S = [ 1 0 0 0 0 0 0 1 0 1 0 0 1 0 0 0 0 1 0 0 0 0 0 1 0 0 0 0 1 0 ]
