n = 30 ; 
T = 24 ; 
Init = [ 0 0 0 0 1 1 1 1 1 1 1 1 1 1 1 0 0 0 0 0 0 0 0 0 0 0 0 0 0 1 ]
L = [ 5 5 5 9 7 7 7 7 7 7 4 4 4 4 4 6 6 6 9 9 9 9 9 9 9 6 6 6 6 6 ]
l = [ 5 5 5 9 7 7 7 7 7 7 4 4 4 4 4 6 6 6 9 9 9 9 9 9 9 6 6 6 6 6 ]
Pmin = [ 49 49 49 94 76 76 76 76 76 76 42 42 42 42 42 66 66 66 98 98 98 98 98 98 98 68 68 68 68 66 ]
Pmax = [ 167 167 167 387 307 307 307 307 307 307 141 141 141 141 141 259 259 259 383 383 383 383 383 383 383 250 250 250 250 241 ]
cf = [ 57.1498 57.1498 57.1498 40.9535 27.0783 27.0783 27.0783 27.0783 27.0783 27.0783 49.0625 49.0625 49.0625 49.0625 49.0625 53.0212 53.0212 53.0212 10.3312 10.3312 10.3312 10.3312 10.3312 10.3312 10.3312 57.6726 57.6726 57.6726 57.6726 44.6183 ]
c0 = [ 149 149 149 239 212 212 212 212 212 212 115 115 115 115 115 184 184 184 247 247 247 247 247 247 247 193 193 193 193 182 ]
cp = [ 29.8618 29.8618 29.8618 21.4968 19.0171 19.0171 19.0171 19.0171 19.0171 19.0171 31.0576 31.0576 31.0576 31.0576 31.0576 17.5657 17.5657 17.5657 10.2531 10.2531 10.2531 10.2531 10.2531 10.2531 10.2531 31.7245 31.7245 31.7245 31.7245 23.1001 ]
D = [ 2418 228 3426 5010 5658 1234 5440 4067 6091 2088 2167 4173 5864 1302 944 6837 957 7166 618 2774 7953 2023 6384 5353 ]
K = 8
nk = [ 1 1 1 2 3 3 3 3 3 3 4 4 4 4 4 5 5 5 6 6 6 6 6 6 6 7 7 7 7 8 ]
First = [ 1 0 0 1 1 0 0 0 0 0 1 0 0 0 0 1 0 0 1 0 0 0 0 0 0 1 0 0 0 1 ]
Last = [ 0 0 1 1 0 0 0 0 0 1 0 0 0 0 1 0 0 1 0 0 0 0 0 0 1 0 0 0 1 1 ]
nS = 8
S = [ 1 0 0 1 1 0 0 0 0 0 1 0 0 0 0 1 0 0 1 0 0 0 0 0 0 1 0 0 0 1 ]
