n = 30 ; 
T = 24 ; 
Init = [ 0 0 1 1 1 0 0 1 1 1 1 1 1 0 0 0 0 0 0 0 0 0 1 1 0 0 0 0 0 0 ]
L = [ 6 6 8 8 8 8 9 7 7 7 7 7 7 8 8 8 8 8 8 3 3 3 9 9 5 5 5 5 5 5 ]
l = [ 6 6 8 8 8 8 9 7 7 7 7 7 7 8 8 8 8 8 8 3 3 3 9 9 5 5 5 5 5 5 ]
Pmin = [ 63 63 90 90 90 91 92 76 76 76 82 82 82 86 86 86 86 86 86 34 34 34 95 95 59 59 59 59 59 59 ]
Pmax = [ 259 259 376 376 376 360 364 301 301 301 302 302 302 352 352 352 352 352 352 103 103 103 379 379 204 204 204 204 204 204 ]
cf = [ 13.3657 13.3657 39.562 39.562 39.562 65.752 54.4927 38.8806 38.8806 38.8806 34.8846 34.8846 34.8846 54.025 54.025 54.025 54.025 54.025 54.025 36.0509 36.0509 36.0509 14.7184 14.7184 40.3986 40.3986 40.3986 40.3986 40.3986 40.3986 ]
c0 = [ 172 172 248 248 248 243 250 203 203 203 228 228 228 237 237 237 237 237 237 108 108 108 250 250 161 161 161 161 161 161 ]
cp = [ 28.8964 28.8964 11.3554 11.3554 11.3554 12.2244 15.2537 11.9514 11.9514 11.9514 27.9833 27.9833 27.9833 13.8276 13.8276 13.8276 13.8276 13.8276 13.8276 24.742 24.742 24.742 10.1493 10.1493 23.7214 23.7214 23.7214 23.7214 23.7214 23.7214 ]
D = [ 1446 69 3476 867 6539 7819 4666 4363 3194 5717 330 2039 3511 8453 5518 997 5431 5169 194 1782 1876 1159 1913 4480 ]
K = 10
nk = [ 1 1 2 2 2 3 4 5 5 5 6 6 6 7 7 7 7 7 7 8 8 8 9 9 10 10 10 10 10 10 ]
First = [ 1 0 1 0 0 1 1 1 0 0 1 0 0 1 0 0 0 0 0 1 0 0 1 0 1 0 0 0 0 0 ]
Last = [ 0 1 0 0 1 1 1 0 0 1 0 0 1 0 0 0 0 0 1 0 0 1 0 1 0 0 0 0 0 1 ]
nS = 10
S = [ 1 0 1 0 0 1 1 1 0 0 1 0 0 1 0 0 0 0 0 1 0 0 1 0 1 0 0 0 0 0 ]
