n = 30 ; 
T = 24 ; 
Init = [ 0 0 0 0 0 0 0 0 0 0 0 0 0 0 1 1 1 1 1 1 0 0 0 0 1 1 1 1 1 0 ]
L = [ 5 5 5 5 5 5 5 6 6 6 6 6 6 6 3 3 3 3 3 3 2 2 2 2 8 8 5 5 5 8 ]
l = [ 5 5 5 5 5 5 5 6 6 6 6 6 6 6 3 3 3 3 3 3 2 2 2 2 8 8 5 5 5 8 ]
Pmin = [ 55 55 55 55 55 55 55 54 54 54 54 54 54 54 28 28 28 28 28 28 22 22 22 22 78 78 61 61 61 81 ]
Pmax = [ 188 188 188 188 188 188 188 218 218 218 218 218 218 218 84 84 84 84 84 84 40 40 40 40 310 310 217 217 217 317 ]
cf = [ 21.8055 21.8055 21.8055 21.8055 21.8055 21.8055 21.8055 52.9914 52.9914 52.9914 52.9914 52.9914 52.9914 52.9914 30.2303 30.2303 30.2303 30.2303 30.2303 30.2303 57.3274 57.3274 57.3274 57.3274 49.1685 49.1685 66.1149 66.1149 66.1149 53.6291 ]
c0 = [ 150 150 150 150 150 150 150 152 152 152 152 152 152 152 90 90 90 90 90 90 83 83 83 83 211 211 177 177 177 221 ]
cp = [ 30.5005 30.5005 30.5005 30.5005 30.5005 30.5005 30.5005 35.0756 35.0756 35.0756 35.0756 35.0756 35.0756 35.0756 32.4353 32.4353 32.4353 32.4353 32.4353 32.4353 41.0448 41.0448 41.0448 41.0448 21.9697 21.9697 34.0252 34.0252 34.0252 19.6684 ]
D = [ 405 3093 3499 2283 2069 1814 1969 745 3940 2187 1101 2165 1057 2071 1384 4143 2353 2166 4676 2446 20 2618 4910 1195 ]
K = 7
nk = [ 1 1 1 1 1 1 1 2 2 2 2 2 2 2 3 3 3 3 3 3 4 4 4 4 5 5 6 6 6 7 ]
First = [ 1 0 0 0 0 0 0 1 0 0 0 0 0 0 1 0 0 0 0 0 1 0 0 0 1 0 1 0 0 1 ]
Last = [ 0 0 0 0 0 0 1 0 0 0 0 0 0 1 0 0 0 0 0 1 0 0 0 1 0 1 0 0 1 1 ]
nS = 7
S = [ 1 0 0 0 0 0 0 1 0 0 0 0 0 0 1 0 0 0 0 0 1 0 0 0 1 0 1 0 0 1 ]
