n = 30 ; 
T = 24 ; 
Init = [ 0 1 1 1 1 1 1 0 0 0 0 0 0 0 0 1 1 1 1 1 1 1 0 0 0 0 0 0 0 0 ]
L = [ 10 6 6 6 4 7 7 9 9 9 7 7 7 7 7 9 9 9 9 9 9 9 6 10 10 10 10 10 10 10 ]
l = [ 10 6 6 6 4 7 7 9 9 9 7 7 7 7 7 9 9 9 9 9 9 9 6 10 10 10 10 10 10 10 ]
Pmin = [ 100 57 57 57 26 84 84 99 99 99 78 78 78 78 78 92 92 92 92 92 92 92 56 100 100 100 100 100 100 100 ]
Pmax = [ 420 201 201 201 97 323 323 387 387 387 297 297 297 297 297 366 366 366 366 366 366 366 221 420 420 420 420 420 420 420 ]
cf = [ 10.284 60.71 60.71 60.71 49.0043 7.2582 7.2582 68.3887 68.3887 68.3887 67.0226 67.0226 67.0226 67.0226 67.0226 52.7125 52.7125 52.7125 52.7125 52.7125 52.7125 52.7125 59.3392 49.7771 49.7771 49.7771 49.7771 49.7771 49.7771 49.7771 ]
c0 = [ 250 162 162 162 95 213 213 250 250 250 214 214 214 214 214 249 249 249 249 249 249 249 161 250 250 250 250 250 250 250 ]
cp = [ 10.3674 28.6454 28.6454 28.6454 39.435 19.6224 19.6224 14.4644 14.4644 14.4644 21.5265 21.5265 21.5265 21.5265 21.5265 20.4152 20.4152 20.4152 20.4152 20.4152 20.4152 20.4152 34.8404 10.2376 10.2376 10.2376 10.2376 10.2376 10.2376 10.2376 ]
D = [ 9089 6990 9221 5711 7031 8962 5232 4250 7247 1979 604 3238 5597 4460 2450 5774 7390 8573 2014 2272 6663 2428 5242 5191 ]
K = 9
nk = [ 1 2 2 2 3 4 4 5 5 5 6 6 6 6 6 7 7 7 7 7 7 7 8 9 9 9 9 9 9 9 ]
First = [ 1 1 0 0 1 1 0 1 0 0 1 0 0 0 0 1 0 0 0 0 0 0 1 1 0 0 0 0 0 0 ]
Last = [ 1 0 0 1 1 0 1 0 0 1 0 0 0 0 1 0 0 0 0 0 0 1 1 0 0 0 0 0 0 1 ]
nS = 9
S = [ 1 1 0 0 1 1 0 1 0 0 1 0 0 0 0 1 0 0 0 0 0 0 1 1 0 0 0 0 0 0 ]
