n = 30 ; 
T = 24 ; 
Init = [ 1 1 1 1 1 1 1 1 1 1 1 1 1 1 1 1 1 1 1 1 1 1 1 1 1 1 1 1 1 1 ]
L = [ 3 8 8 3 3 3 3 3 3 3 6 6 6 6 6 9 9 9 9 9 9 4 4 8 8 8 8 8 8 8 ]
l = [ 3 8 8 3 3 3 3 3 3 3 6 6 6 6 6 9 9 9 9 9 9 4 4 8 8 8 8 8 8 8 ]
Pmin = [ 33 84 84 27 27 27 27 27 27 27 66 66 66 66 66 100 100 100 100 100 100 45 45 90 90 90 90 90 90 90 ]
Pmax = [ 93 311 311 93 93 93 93 93 93 93 241 241 241 241 241 416 416 416 416 416 416 143 143 363 363 363 363 363 363 363 ]
cf = [ 18.1946 59.0763 59.0763 44.0769 44.0769 44.0769 44.0769 44.0769 44.0769 44.0769 37.2557 37.2557 37.2557 37.2557 37.2557 10.3113 10.3113 10.3113 10.3113 10.3113 10.3113 30.9753 30.9753 22.1212 22.1212 22.1212 22.1212 22.1212 22.1212 22.1212 ]
c0 = [ 110 233 233 83 83 83 83 83 83 83 175 175 175 175 175 250 250 250 250 250 250 135 135 230 230 230 230 230 230 230 ]
cp = [ 31.9369 15.3502 15.3502 38.0916 38.0916 38.0916 38.0916 38.0916 38.0916 38.0916 30.2748 30.2748 30.2748 30.2748 30.2748 11.1393 11.1393 11.1393 11.1393 11.1393 11.1393 32.6781 32.6781 16.8479 16.8479 16.8479 16.8479 16.8479 16.8479 16.8479 ]
D = [ 7436 6496 5250 4187 2393 5665 7192 4288 7496 3213 6519 7586 5449 3780 4816 7187 703 3372 4337 3872 3557 2459 2331 6694 ]
K = 7
nk = [ 1 2 2 3 3 3 3 3 3 3 4 4 4 4 4 5 5 5 5 5 5 6 6 7 7 7 7 7 7 7 ]
First = [ 1 1 0 1 0 0 0 0 0 0 1 0 0 0 0 1 0 0 0 0 0 1 0 1 0 0 0 0 0 0 ]
Last = [ 1 0 1 0 0 0 0 0 0 1 0 0 0 0 1 0 0 0 0 0 1 0 1 0 0 0 0 0 0 1 ]
nS = 7
S = [ 1 1 0 1 0 0 0 0 0 0 1 0 0 0 0 1 0 0 0 0 0 1 0 1 0 0 0 0 0 0 ]
