n = 30 ; 
T = 24 ; 
Init = [ 0 0 0 0 0 0 0 0 0 0 0 0 0 0 0 0 0 0 0 0 0 0 0 0 0 0 0 0 0 0 ]
L = [ 9 9 9 9 9 9 5 5 5 5 5 5 5 4 4 4 4 4 4 4 4 4 4 4 4 4 10 10 10 10 ]
l = [ 9 9 9 9 9 9 5 5 5 5 5 5 5 4 4 4 4 4 4 4 4 4 4 4 4 4 10 10 10 10 ]
Pmin = [ 99 99 99 99 99 99 56 56 56 56 56 56 56 43 43 43 43 43 43 43 41 41 41 41 41 41 100 100 100 100 ]
Pmax = [ 395 395 395 395 395 395 191 191 191 191 191 191 191 145 145 145 145 145 145 145 156 156 156 156 156 156 416 416 416 416 ]
cf = [ 50.2258 50.2258 50.2258 50.2258 50.2258 50.2258 34.0436 34.0436 34.0436 34.0436 34.0436 34.0436 34.0436 16.9795 16.9795 16.9795 16.9795 16.9795 16.9795 16.9795 63.5833 63.5833 63.5833 63.5833 63.5833 63.5833 16.0139 16.0139 16.0139 16.0139 ]
c0 = [ 249 249 249 249 249 249 161 161 161 161 161 161 161 119 119 119 119 119 119 119 124 124 124 124 124 124 250 250 250 250 ]
cp = [ 12.4271 12.4271 12.4271 12.4271 12.4271 12.4271 20.1561 20.1561 20.1561 20.1561 20.1561 20.1561 20.1561 33.5029 33.5029 33.5029 33.5029 33.5029 33.5029 33.5029 31.3336 31.3336 31.3336 31.3336 31.3336 31.3336 12.0776 12.0776 12.0776 12.0776 ]
D = [ 4103 5478 5396 5263 4732 6444 5823 2454 5881 6346 6235 5400 1461 6294 3339 4584 7118 4736 1751 4133 5490 2049 6780 400 ]
K = 5
nk = [ 1 1 1 1 1 1 2 2 2 2 2 2 2 3 3 3 3 3 3 3 4 4 4 4 4 4 5 5 5 5 ]
First = [ 1 0 0 0 0 0 1 0 0 0 0 0 0 1 0 0 0 0 0 0 1 0 0 0 0 0 1 0 0 0 ]
Last = [ 0 0 0 0 0 1 0 0 0 0 0 0 1 0 0 0 0 0 0 1 0 0 0 0 0 1 0 0 0 1 ]
nS = 5
S = [ 1 0 0 0 0 0 1 0 0 0 0 0 0 1 0 0 0 0 0 0 1 0 0 0 0 0 1 0 0 0 ]
