n = 30 ; 
T = 24 ; 
Init = [ 1 1 1 1 1 1 1 0 0 0 0 0 0 0 0 1 1 1 0 0 0 0 0 0 0 1 1 1 1 1 ]
L = [ 7 4 4 4 4 4 4 2 7 7 7 4 4 4 4 9 9 9 3 3 3 3 6 6 6 8 8 8 8 8 ]
l = [ 7 4 4 4 4 4 4 2 7 7 7 4 4 4 4 9 9 9 3 3 3 3 6 6 6 8 8 8 8 8 ]
Pmin = [ 70 40 40 40 40 40 40 20 87 87 87 36 36 36 36 95 95 95 29 29 29 29 64 64 64 80 80 80 80 80 ]
Pmax = [ 278 152 152 152 152 152 152 47 328 328 328 140 140 140 140 383 383 383 95 95 95 95 238 238 238 323 323 323 323 323 ]
cf = [ 53.354 43.6622 43.6622 43.6622 43.6622 43.6622 43.6622 13.477 36.153 36.153 36.153 51.2663 51.2663 51.2663 51.2663 55.2256 55.2256 55.2256 22.0269 22.0269 22.0269 22.0269 20.4996 20.4996 20.4996 59.9912 59.9912 59.9912 59.9912 59.9912 ]
c0 = [ 187 123 123 123 123 123 123 76 221 221 221 112 112 112 112 250 250 250 91 91 91 91 166 166 166 211 211 211 211 211 ]
cp = [ 30.7054 34.0045 34.0045 34.0045 34.0045 34.0045 34.0045 41.7845 19.4356 19.4356 19.4356 23.7653 23.7653 23.7653 23.7653 10.8551 10.8551 10.8551 36.3186 36.3186 36.3186 36.3186 21.0794 21.0794 21.0794 18.9784 18.9784 18.9784 18.9784 18.9784 ]
D = [ 3233 4030 2318 3915 463 344 2359 2046 1766 1304 6424 1656 4572 1542 2476 5224 1231 6517 5588 5831 5987 788 2362 6237 ]
K = 9
nk = [ 1 2 2 2 2 2 2 3 4 4 4 5 5 5 5 6 6 6 7 7 7 7 8 8 8 9 9 9 9 9 ]
First = [ 1 1 0 0 0 0 0 1 1 0 0 1 0 0 0 1 0 0 1 0 0 0 1 0 0 1 0 0 0 0 ]
Last = [ 1 0 0 0 0 0 1 1 0 0 1 0 0 0 1 0 0 1 0 0 0 1 0 0 1 0 0 0 0 1 ]
nS = 9
S = [ 1 1 0 0 0 0 0 1 1 0 0 1 0 0 0 1 0 0 1 0 0 0 1 0 0 1 0 0 0 0 ]
