n = 30 ; 
T = 24 ; 
Init = [ 1 1 0 0 0 0 0 0 0 0 0 0 0 0 0 0 0 0 0 1 1 1 1 1 1 0 0 0 0 0 ]
L = [ 7 7 5 5 5 5 5 5 5 3 3 3 8 8 8 8 3 3 3 7 7 7 7 7 7 2 5 5 5 5 ]
l = [ 7 7 5 5 5 5 5 5 5 3 3 3 8 8 8 8 3 3 3 7 7 7 7 7 7 2 5 5 5 5 ]
Pmin = [ 72 72 44 44 44 44 44 44 44 31 31 31 87 87 87 87 30 30 30 70 70 70 73 73 73 21 51 51 51 51 ]
Pmax = [ 279 279 174 174 174 174 174 174 174 89 89 89 325 325 325 325 111 111 111 274 274 274 301 301 301 52 206 206 206 206 ]
cf = [ 10.124 10.124 17.8202 17.8202 17.8202 17.8202 17.8202 17.8202 17.8202 30.6273 30.6273 30.6273 50.8096 50.8096 50.8096 50.8096 29.8744 29.8744 29.8744 50.6518 50.6518 50.6518 32.4677 32.4677 32.4677 64.2284 11.1532 11.1532 11.1532 11.1532 ]
c0 = [ 192 192 124 124 124 124 124 124 124 98 98 98 223 223 223 223 89 89 89 193 193 193 198 198 198 69 140 140 140 140 ]
cp = [ 24.2527 24.2527 37.8413 37.8413 37.8413 37.8413 37.8413 37.8413 37.8413 34.1907 34.1907 34.1907 14.2509 14.2509 14.2509 14.2509 25.7823 25.7823 25.7823 20.406 20.406 20.406 29.7474 29.7474 29.7474 41.0399 20.9748 20.9748 20.9748 20.9748 ]
D = [ 371 3217 1766 2725 1305 4045 798 3843 3470 1211 2099 150 4258 4707 5757 25 1325 3840 3038 2198 2740 3376 3885 4315 ]
K = 9
nk = [ 1 1 2 2 2 2 2 2 2 3 3 3 4 4 4 4 5 5 5 6 6 6 7 7 7 8 9 9 9 9 ]
First = [ 1 0 1 0 0 0 0 0 0 1 0 0 1 0 0 0 1 0 0 1 0 0 1 0 0 1 1 0 0 0 ]
Last = [ 0 1 0 0 0 0 0 0 1 0 0 1 0 0 0 1 0 0 1 0 0 1 0 0 1 1 0 0 0 1 ]
nS = 9
S = [ 1 0 1 0 0 0 0 0 0 1 0 0 1 0 0 0 1 0 0 1 0 0 1 0 0 1 1 0 0 0 ]
