n = 30 ; 
T = 24 ; 
Init = [ 0 0 0 0 0 0 0 1 1 1 1 1 1 1 1 1 1 1 1 1 1 1 0 1 1 1 1 1 1 1 ]
L = [ 9 9 9 9 9 9 9 5 5 5 5 5 5 4 4 4 4 8 8 8 8 8 8 8 8 8 8 3 3 3 ]
l = [ 9 9 9 9 9 9 9 5 5 5 5 5 5 4 4 4 4 8 8 8 8 8 8 8 8 8 8 3 3 3 ]
Pmin = [ 100 100 100 100 100 100 100 57 57 57 57 57 57 30 30 30 30 87 87 87 87 87 86 84 84 84 84 27 27 27 ]
Pmax = [ 410 410 410 410 410 410 410 193 193 193 193 193 193 111 111 111 111 332 332 332 332 332 334 324 324 324 324 70 70 70 ]
cf = [ 61.8606 61.8606 61.8606 61.8606 61.8606 61.8606 61.8606 22.7303 22.7303 22.7303 22.7303 22.7303 22.7303 40.1015 40.1015 40.1015 40.1015 65.3594 65.3594 65.3594 65.3594 65.3594 45.7939 10.7167 10.7167 10.7167 10.7167 48.1031 48.1031 48.1031 ]
c0 = [ 250 250 250 250 250 250 250 164 164 164 164 164 164 83 83 83 83 226 226 226 226 226 229 228 228 228 228 76 76 76 ]
cp = [ 12.0252 12.0252 12.0252 12.0252 12.0252 12.0252 12.0252 28.7946 28.7946 28.7946 28.7946 28.7946 28.7946 36.0976 36.0976 36.0976 36.0976 12.5132 12.5132 12.5132 12.5132 12.5132 14.6478 23.6107 23.6107 23.6107 23.6107 40.8964 40.8964 40.8964 ]
D = [ 2146 7680 3617 6335 7093 554 6805 4322 5905 1909 1510 6353 6581 1912 6309 7659 1036 1370 2512 2247 6438 5410 1510 6448 ]
K = 7
nk = [ 1 1 1 1 1 1 1 2 2 2 2 2 2 3 3 3 3 4 4 4 4 4 5 6 6 6 6 7 7 7 ]
First = [ 1 0 0 0 0 0 0 1 0 0 0 0 0 1 0 0 0 1 0 0 0 0 1 1 0 0 0 1 0 0 ]
Last = [ 0 0 0 0 0 0 1 0 0 0 0 0 1 0 0 0 1 0 0 0 0 1 1 0 0 0 1 0 0 1 ]
nS = 7
S = [ 1 0 0 0 0 0 0 1 0 0 0 0 0 1 0 0 0 1 0 0 0 0 1 1 0 0 0 1 0 0 ]
