n = 30 ; 
T = 24 ; 
Init = [ 0 0 1 1 1 1 0 0 0 0 0 0 0 1 1 1 1 0 0 0 0 0 0 0 0 0 0 0 1 1 ]
L = [ 3 3 6 6 6 6 3 3 3 3 3 3 3 7 3 3 3 7 7 7 7 5 5 5 5 5 5 5 5 5 ]
l = [ 3 3 6 6 6 6 3 3 3 3 3 3 3 7 3 3 3 7 7 7 7 5 5 5 5 5 5 5 5 5 ]
Pmin = [ 23 23 69 69 69 69 22 22 22 22 22 22 22 73 22 22 22 78 78 78 78 58 58 58 58 58 58 58 54 54 ]
Pmax = [ 66 66 251 251 251 251 69 69 69 69 69 69 69 277 78 78 78 294 294 294 294 196 196 196 196 196 196 196 192 192 ]
cf = [ 11.8602 11.8602 36.8292 36.8292 36.8292 36.8292 64.8236 64.8236 64.8236 64.8236 64.8236 64.8236 64.8236 55.636 68.6576 68.6576 68.6576 22.8724 22.8724 22.8724 22.8724 39.3022 39.3022 39.3022 39.3022 39.3022 39.3022 39.3022 25.7161 25.7161 ]
c0 = [ 72 72 192 192 192 192 78 78 78 78 78 78 78 195 70 70 70 215 215 215 215 156 156 156 156 156 156 156 148 148 ]
cp = [ 36.6537 36.6537 27.4622 27.4622 27.4622 27.4622 39.2144 39.2144 39.2144 39.2144 39.2144 39.2144 39.2144 23.6568 40.811 40.811 40.811 28.0482 28.0482 28.0482 28.0482 31.0948 31.0948 31.0948 31.0948 31.0948 31.0948 31.0948 24.5221 24.5221 ]
D = [ 771 2397 2178 355 1243 2070 1630 3838 3574 4548 3743 481 1581 4901 4890 3173 216 4855 2048 818 4861 1418 3782 663 ]
K = 8
nk = [ 1 1 2 2 2 2 3 3 3 3 3 3 3 4 5 5 5 6 6 6 6 7 7 7 7 7 7 7 8 8 ]
First = [ 1 0 1 0 0 0 1 0 0 0 0 0 0 1 1 0 0 1 0 0 0 1 0 0 0 0 0 0 1 0 ]
Last = [ 0 1 0 0 0 1 0 0 0 0 0 0 1 1 0 0 1 0 0 0 1 0 0 0 0 0 0 1 0 1 ]
nS = 8
S = [ 1 0 1 0 0 0 1 0 0 0 0 0 0 1 1 0 0 1 0 0 0 1 0 0 0 0 0 0 1 0 ]
