n = 30 ; 
T = 48 ; 
Init = [ 1 1 1 1 1 1 1 1 1 1 0 0 0 0 0 0 1 1 1 0 0 0 0 0 0 0 0 0 0 0 ]
L = [ 4 4 4 4 4 4 4 6 6 6 5 4 4 4 4 4 4 4 4 5 5 5 7 7 7 7 7 7 7 3 ]
l = [ 4 4 4 4 4 4 4 6 6 6 5 4 4 4 4 4 4 4 4 5 5 5 7 7 7 7 7 7 7 3 ]
Pmin = [ 38 38 38 38 38 35 35 62 62 62 51 40 40 40 40 40 30 30 30 49 49 49 79 79 79 79 79 79 79 19 ]
Pmax = [ 140 140 140 140 140 108 108 254 254 254 197 156 156 156 156 156 97 97 97 189 189 189 304 304 304 304 304 304 304 65 ]
cf = [ 28.9722 28.9722 28.9722 28.9722 28.9722 31.9669 31.9669 38.3943 38.3943 38.3943 46.0561 58.7627 58.7627 58.7627 58.7627 58.7627 51.3387 51.3387 51.3387 64.8935 64.8935 64.8935 54.6593 54.6593 54.6593 54.6593 54.6593 54.6593 54.6593 15.9463 ]
c0 = [ 110 110 110 110 110 95 95 166 166 166 141 110 110 110 110 110 90 90 90 149 149 149 209 209 209 209 209 209 209 75 ]
cp = [ 30.2782 30.2782 30.2782 30.2782 30.2782 34.882 34.882 29.5021 29.5021 29.5021 26.8226 28.9553 28.9553 28.9553 28.9553 28.9553 34.931 34.931 34.931 25.7792 25.7792 25.7792 17.1655 17.1655 17.1655 17.1655 17.1655 17.1655 17.1655 35.5025 ]
D = [ 504 4388 1945 3348 2219 927 1658 1757 5244 2468 711 3577 2279 5109 4456 2196 5147 3223 4248 237 4862 5390 5571 4256 1751 4433 1827 1183 2118 4225 866 2622 2907 2811 264 5126 3739 1922 1177 3276 4389 1888 1147 963 1291 5603 3158 732 ]
K = 9
nk = [ 1 1 1 1 1 2 2 3 3 3 4 5 5 5 5 5 6 6 6 7 7 7 8 8 8 8 8 8 8 9 ]
First = [ 1 0 0 0 0 1 0 1 0 0 1 1 0 0 0 0 1 0 0 1 0 0 1 0 0 0 0 0 0 1 ]
Last = [ 0 0 0 0 1 0 1 0 0 1 1 0 0 0 0 1 0 0 1 0 0 1 0 0 0 0 0 0 1 1 ]
nS = 9
S = [ 1 0 0 0 0 1 0 1 0 0 1 1 0 0 0 0 1 0 0 1 0 0 1 0 0 0 0 0 0 1 ]
