n = 30 ; 
T = 48 ; 
Init = [ 1 1 1 1 1 1 1 1 1 1 1 1 0 0 0 0 0 0 0 0 0 1 1 1 1 0 0 0 0 0 ]
L = [ 8 8 8 8 9 9 9 9 9 5 5 6 7 7 7 7 7 7 4 4 5 9 9 9 9 4 4 4 4 4 ]
l = [ 8 8 8 8 9 9 9 9 9 5 5 6 7 7 7 7 7 7 4 4 5 9 9 9 9 4 4 4 4 4 ]
Pmin = [ 82 82 82 82 100 100 100 100 100 48 48 68 73 73 73 73 73 73 43 43 51 96 96 96 96 32 32 32 32 32 ]
Pmax = [ 336 336 336 336 420 420 420 420 420 184 184 254 265 265 265 265 265 265 141 141 190 400 400 400 400 117 117 117 117 117 ]
cf = [ 13.2749 13.2749 13.2749 13.2749 41.9132 41.9132 41.9132 41.9132 41.9132 42.8714 42.8714 30.7877 26.3809 26.3809 26.3809 26.3809 26.3809 26.3809 38.3018 38.3018 48.0456 57.6486 57.6486 57.6486 57.6486 57.3455 57.3455 57.3455 57.3455 57.3455 ]
c0 = [ 217 217 217 217 250 250 250 250 250 132 132 190 207 207 207 207 207 207 119 119 143 247 247 247 247 95 95 95 95 95 ]
cp = [ 17.5441 17.5441 17.5441 17.5441 13.5636 13.5636 13.5636 13.5636 13.5636 27.6869 27.6869 30.0498 32.8367 32.8367 32.8367 32.8367 32.8367 32.8367 24.625 24.625 33.887 10.3209 10.3209 10.3209 10.3209 34.5631 34.5631 34.5631 34.5631 34.5631 ]
D = [ 366 4833 1629 5099 7972 4186 916 5075 2556 7560 5094 6474 6431 2378 4119 5489 4489 8253 7658 2382 8073 7362 1780 2155 4069 6420 6178 626 4206 1870 5961 4572 6703 7589 1358 6362 3462 2275 3124 6018 1521 8218 4180 7953 2283 8299 5129 6772 ]
K = 9
nk = [ 1 1 1 1 2 2 2 2 2 3 3 4 5 5 5 5 5 5 6 6 7 8 8 8 8 9 9 9 9 9 ]
First = [ 1 0 0 0 1 0 0 0 0 1 0 1 1 0 0 0 0 0 1 0 1 1 0 0 0 1 0 0 0 0 ]
Last = [ 0 0 0 1 0 0 0 0 1 0 1 1 0 0 0 0 0 1 0 1 1 0 0 0 1 0 0 0 0 1 ]
nS = 9
S = [ 1 0 0 0 1 0 0 0 0 1 0 1 1 0 0 0 0 0 1 0 1 1 0 0 0 1 0 0 0 0 ]
