n = 30 ; 
T = 48 ; 
Init = [ 1 1 1 1 1 1 1 1 1 1 1 1 1 1 1 1 1 1 1 1 0 1 0 0 0 1 1 1 1 1 ]
L = [ 3 3 3 3 3 9 9 9 9 9 9 9 4 4 4 4 4 4 4 7 7 8 7 7 8 3 3 3 3 3 ]
l = [ 3 3 3 3 3 9 9 9 9 9 9 9 4 4 4 4 4 4 4 7 7 8 7 7 8 3 3 3 3 3 ]
Pmin = [ 27 27 27 27 27 97 97 97 97 97 97 97 34 34 34 34 34 34 34 77 72 96 76 76 87 32 32 32 32 32 ]
Pmax = [ 101 101 101 101 101 378 378 378 378 378 378 378 124 124 124 124 124 124 124 310 287 378 310 310 332 86 86 86 86 86 ]
cf = [ 12.9795 12.9795 12.9795 12.9795 12.9795 34.3522 34.3522 34.3522 34.3522 34.3522 34.3522 34.3522 19.955 19.955 19.955 19.955 19.955 19.955 19.955 28.1908 63.8989 40.9944 60.6815 60.6815 8.90873 10.8363 10.8363 10.8363 10.8363 10.8363 ]
c0 = [ 81 81 81 81 81 244 244 244 244 244 244 244 97 97 97 97 97 97 97 205 190 250 197 197 230 93 93 93 93 93 ]
cp = [ 32.3527 32.3527 32.3527 32.3527 32.3527 10.2004 10.2004 10.2004 10.2004 10.2004 10.2004 10.2004 29.1938 29.1938 29.1938 29.1938 29.1938 29.1938 29.1938 13.5257 26.5584 10.0131 20.7926 20.7926 15.4872 38.981 38.981 38.981 38.981 38.981 ]
D = [ 5669 4088 4362 604 6233 3745 4045 5289 3938 4433 6357 4366 2512 2144 2166 4410 2536 4702 2272 5277 6063 1367 5407 3383 1736 3912 3367 2266 2516 474 3860 1809 4562 1846 2413 4418 5591 82 3332 3153 4515 3313 1143 651 5457 3308 5061 1617 ]
K = 9
nk = [ 1 1 1 1 1 2 2 2 2 2 2 2 3 3 3 3 3 3 3 4 5 6 7 7 8 9 9 9 9 9 ]
First = [ 1 0 0 0 0 1 0 0 0 0 0 0 1 0 0 0 0 0 0 1 1 1 1 0 1 1 0 0 0 0 ]
Last = [ 0 0 0 0 1 0 0 0 0 0 0 1 0 0 0 0 0 0 1 1 1 1 0 1 1 0 0 0 0 1 ]
nS = 9
S = [ 1 0 0 0 0 1 0 0 0 0 0 0 1 0 0 0 0 0 0 1 1 1 1 0 1 1 0 0 0 0 ]
