n = 30 ; 
T = 48 ; 
Init = [ 1 1 1 1 1 1 1 1 1 1 1 1 1 0 0 0 0 0 0 0 0 0 0 0 1 1 1 1 1 1 ]
L = [ 4 4 4 4 4 4 4 4 4 4 4 4 4 9 9 6 6 6 6 8 8 8 8 8 8 8 8 8 4 4 ]
l = [ 4 4 4 4 4 4 4 4 4 4 4 4 4 9 9 6 6 6 6 8 8 8 8 8 8 8 8 8 4 4 ]
Pmin = [ 48 40 40 40 40 40 41 41 41 41 41 41 41 92 92 70 70 70 70 87 87 87 87 87 94 94 94 94 34 34 ]
Pmax = [ 168 142 142 142 142 142 130 130 130 130 130 130 130 371 371 269 269 269 269 337 337 337 337 337 359 359 359 359 117 117 ]
cf = [ 33.8236 55.3981 55.3981 55.3981 55.3981 55.3981 15.7893 15.7893 15.7893 15.7893 15.7893 15.7893 15.7893 57.471 57.471 14.4104 14.4104 14.4104 14.4104 55.2105 55.2105 55.2105 55.2105 55.2105 53.6104 53.6104 53.6104 53.6104 16.8424 16.8424 ]
c0 = [ 137 112 112 112 112 112 118 118 118 118 118 118 118 238 238 193 193 193 193 240 240 240 240 240 238 238 238 238 105 105 ]
cp = [ 31.3712 34.0982 34.0982 34.0982 34.0982 34.0982 27.6248 27.6248 27.6248 27.6248 27.6248 27.6248 27.6248 15.7067 15.7067 26.2854 26.2854 26.2854 26.2854 18.2294 18.2294 18.2294 18.2294 18.2294 19.9654 19.9654 19.9654 19.9654 29.0982 29.0982 ]
D = [ 5021 2057 2376 5992 673 3195 4358 5823 4282 6574 6650 3643 5861 2223 4139 1047 1244 2599 3813 6561 2855 1691 6191 4566 5989 3325 564 1025 2367 6618 5014 426 1714 429 6418 2387 3624 3814 1249 945 3427 938 4588 2328 3161 1765 3375 4405 ]
K = 8
nk = [ 1 2 2 2 2 2 3 3 3 3 3 3 3 4 4 5 5 5 5 6 6 6 6 6 7 7 7 7 8 8 ]
First = [ 1 1 0 0 0 0 1 0 0 0 0 0 0 1 0 1 0 0 0 1 0 0 0 0 1 0 0 0 1 0 ]
Last = [ 1 0 0 0 0 1 0 0 0 0 0 0 1 0 1 0 0 0 1 0 0 0 0 1 0 0 0 1 0 1 ]
nS = 8
S = [ 1 1 0 0 0 0 1 0 0 0 0 0 0 1 0 1 0 0 0 1 0 0 0 0 1 0 0 0 1 0 ]
