n = 30 ; 
T = 48 ; 
Init = [ 0 0 0 1 0 0 0 0 0 0 0 1 1 1 0 0 0 0 0 1 1 1 1 0 1 1 1 1 1 1 ]
L = [ 3 3 3 9 10 10 10 10 10 9 9 10 10 9 8 8 8 8 8 4 4 4 4 7 8 8 8 8 8 8 ]
l = [ 3 3 3 9 10 10 10 10 10 9 9 10 10 9 8 8 8 8 8 4 4 4 4 7 8 8 8 8 8 8 ]
Pmin = [ 30 30 30 100 100 100 100 100 100 94 94 100 100 95 87 87 87 87 87 43 43 43 43 73 86 86 86 86 86 86 ]
Pmax = [ 91 91 91 401 420 420 420 420 420 369 369 420 420 378 348 348 348 348 348 131 131 131 131 277 346 346 346 346 346 346 ]
cf = [ 50.6006 50.6006 50.6006 41.161 16.0346 16.0346 16.0346 16.0346 16.0346 69.9425 69.9425 57.6259 57.6259 16.8739 34.5933 34.5933 34.5933 34.5933 34.5933 40.5142 40.5142 40.5142 40.5142 38.9256 61.5001 61.5001 61.5001 61.5001 61.5001 61.5001 ]
c0 = [ 86 86 86 250 250 250 250 250 250 241 241 250 250 247 234 234 234 234 234 120 120 120 120 195 225 225 225 225 225 225 ]
cp = [ 35.0772 35.0772 35.0772 9.49715 12.3033 12.3033 12.3033 12.3033 12.3033 20.4206 20.4206 9.5835 9.5835 25.7312 18.5466 18.5466 18.5466 18.5466 18.5466 30.236 30.236 30.236 30.236 12.4096 15.8219 15.8219 15.8219 15.8219 15.8219 15.8219 ]
D = [ 9304 6749 2605 1298 6740 770 2763 1487 5742 7499 226 4759 359 4725 3366 125 4011 5133 6263 8494 5541 4680 1330 8970 7901 4265 9222 1662 6797 155 8546 6754 6904 1805 8051 4297 2574 1467 5784 8316 8966 6010 3728 9325 1388 7094 103 5399 ]
K = 10
nk = [ 1 1 1 2 3 3 3 3 3 4 4 5 5 6 7 7 7 7 7 8 8 8 8 9 10 10 10 10 10 10 ]
First = [ 1 0 0 1 1 0 0 0 0 1 0 1 0 1 1 0 0 0 0 1 0 0 0 1 1 0 0 0 0 0 ]
Last = [ 0 0 1 1 0 0 0 0 1 0 1 0 1 1 0 0 0 0 1 0 0 0 1 1 0 0 0 0 0 1 ]
nS = 10
S = [ 1 0 0 1 1 0 0 0 0 1 0 1 0 1 1 0 0 0 0 1 0 0 0 1 1 0 0 0 0 0 ]
