n = 30 ; 
T = 48 ; 
Init = [ 1 1 1 1 1 1 1 1 1 1 1 1 0 0 0 0 0 0 0 0 0 0 0 1 1 1 1 0 0 0 ]
L = [ 3 3 3 3 3 3 6 6 6 6 6 6 5 5 5 5 5 5 3 3 3 3 3 9 9 9 9 7 7 7 ]
l = [ 3 3 3 3 3 3 6 6 6 6 6 6 5 5 5 5 5 5 3 3 3 3 3 9 9 9 9 7 7 7 ]
Pmin = [ 33 33 33 33 33 33 53 53 53 53 53 53 53 53 52 52 52 52 20 20 20 20 20 100 100 100 100 81 81 81 ]
Pmax = [ 103 103 103 103 103 103 215 215 215 215 215 215 181 181 196 196 196 196 57 57 57 57 57 397 397 397 397 334 334 334 ]
cf = [ 49.0184 49.0184 49.0184 49.0184 49.0184 49.0184 51.6037 51.6037 51.6037 51.6037 51.6037 51.6037 69.671 69.671 23.5792 23.5792 23.5792 23.5792 43.6497 43.6497 43.6497 43.6497 43.6497 52.5635 52.5635 52.5635 52.5635 22.7804 22.7804 22.7804 ]
c0 = [ 90 90 90 90 90 90 146 146 146 146 146 146 150 150 154 154 154 154 75 75 75 75 75 250 250 250 250 222 222 222 ]
cp = [ 39.2971 39.2971 39.2971 39.2971 39.2971 39.2971 28.4085 28.4085 28.4085 28.4085 28.4085 28.4085 22.7085 22.7085 32.1929 32.1929 32.1929 32.1929 31.3367 31.3367 31.3367 31.3367 31.3367 15.7641 15.7641 15.7641 15.7641 23.9501 23.9501 23.9501 ]
D = [ 3810 252 1376 3779 1812 4825 2138 3297 879 5571 1081 2241 2897 454 804 4124 5583 4806 5878 2972 5735 1969 3237 2305 5385 3546 3739 4500 3454 36 1678 1335 287 3054 5114 2099 1950 1322 5396 2828 965 548 5070 3862 1002 5874 2058 656 ]
K = 7
nk = [ 1 1 1 1 1 1 2 2 2 2 2 2 3 3 4 4 4 4 5 5 5 5 5 6 6 6 6 7 7 7 ]
First = [ 1 0 0 0 0 0 1 0 0 0 0 0 1 0 1 0 0 0 1 0 0 0 0 1 0 0 0 1 0 0 ]
Last = [ 0 0 0 0 0 1 0 0 0 0 0 1 0 1 0 0 0 1 0 0 0 0 1 0 0 0 1 0 0 1 ]
nS = 7
S = [ 1 0 0 0 0 0 1 0 0 0 0 0 1 0 1 0 0 0 1 0 0 0 0 1 0 0 0 1 0 0 ]
