n = 30 ; 
T = 48 ; 
Init = [ 0 0 0 0 0 0 0 0 0 0 0 0 0 0 1 1 1 1 1 1 1 1 1 1 0 0 0 0 0 0 ]
L = [ 8 8 8 8 8 6 6 6 6 6 6 6 8 8 4 4 4 4 4 7 7 7 7 7 3 3 10 10 10 10 ]
l = [ 8 8 8 8 8 6 6 6 6 6 6 6 8 8 4 4 4 4 4 7 7 7 7 7 3 3 10 10 10 10 ]
Pmin = [ 84 84 84 84 84 67 67 67 67 67 67 67 77 77 42 42 42 42 42 73 73 73 73 73 38 38 100 100 100 100 ]
Pmax = [ 338 338 338 338 338 269 269 269 269 269 269 269 315 315 139 139 139 139 139 292 292 292 292 292 114 114 420 420 420 420 ]
cf = [ 37.0338 37.0338 37.0338 37.0338 37.0338 51.371 51.371 51.371 51.371 51.371 51.371 51.371 49.7498 49.7498 19.5291 19.5291 19.5291 19.5291 19.5291 62.4789 62.4789 62.4789 62.4789 62.4789 49.1485 49.1485 16.1372 16.1372 16.1372 16.1372 ]
c0 = [ 212 212 212 212 212 179 179 179 179 179 179 179 211 211 114 114 114 114 114 206 206 206 206 206 123 123 250 250 250 250 ]
cp = [ 23.4293 23.4293 23.4293 23.4293 23.4293 18.2689 18.2689 18.2689 18.2689 18.2689 18.2689 18.2689 21.5544 21.5544 24.3625 24.3625 24.3625 24.3625 24.3625 29.8594 29.8594 29.8594 29.8594 29.8594 32.1137 32.1137 13.6777 13.6777 13.6777 13.6777 ]
D = [ 840 5600 5575 6449 7244 4588 3713 177 4480 5181 7181 3674 1933 6905 2333 552 1497 7669 3894 2631 2289 4894 5588 8114 6867 556 1470 1125 6645 3130 878 7485 464 6453 5668 7708 2774 1115 7885 7254 6296 6800 2662 8229 5438 4995 515 6936 ]
K = 7
nk = [ 1 1 1 1 1 2 2 2 2 2 2 2 3 3 4 4 4 4 4 5 5 5 5 5 6 6 7 7 7 7 ]
First = [ 1 0 0 0 0 1 0 0 0 0 0 0 1 0 1 0 0 0 0 1 0 0 0 0 1 0 1 0 0 0 ]
Last = [ 0 0 0 0 1 0 0 0 0 0 0 1 0 1 0 0 0 0 1 0 0 0 0 1 0 1 0 0 0 1 ]
nS = 7
S = [ 1 0 0 0 0 1 0 0 0 0 0 0 1 0 1 0 0 0 0 1 0 0 0 0 1 0 1 0 0 0 ]
