n = 30 ; 
T = 48 ; 
Init = [ 0 0 0 0 0 0 0 0 0 0 0 0 0 0 0 1 1 1 1 1 0 0 0 0 1 1 0 0 0 0 ]
L = [ 9 9 9 9 9 7 7 7 7 8 8 8 8 8 8 3 3 7 7 7 4 4 4 4 5 5 9 9 9 9 ]
l = [ 9 9 9 9 9 7 7 7 7 8 8 8 8 8 8 3 3 7 7 7 4 4 4 4 5 5 9 9 9 9 ]
Pmin = [ 94 94 94 94 94 83 83 83 83 86 86 86 86 86 86 24 24 76 76 76 43 43 43 43 47 47 89 89 89 89 ]
Pmax = [ 390 390 390 390 390 320 320 320 320 324 324 324 324 324 324 63 63 283 283 283 143 143 143 143 178 178 369 369 369 369 ]
cf = [ 8.3472 8.3472 8.3472 8.3472 8.3472 49.512 49.512 49.512 49.512 44.4026 44.4026 44.4026 44.4026 44.4026 44.4026 24.8524 24.8524 30.1613 30.1613 30.1613 58.6462 58.6462 58.6462 58.6462 26.3574 26.3574 55.4754 55.4754 55.4754 55.4754 ]
c0 = [ 250 250 250 250 250 222 222 222 222 223 223 223 223 223 223 83 83 196 196 196 114 114 114 114 133 133 236 236 236 236 ]
cp = [ 16.6057 16.6057 16.6057 16.6057 16.6057 27.746 27.746 27.746 27.746 17.2434 17.2434 17.2434 17.2434 17.2434 17.2434 33.3212 33.3212 16.5355 16.5355 16.5355 27.5968 27.5968 27.5968 27.5968 32.1927 32.1927 17.7347 17.7347 17.7347 17.7347 ]
D = [ 6565 2162 4529 3090 4586 7673 1549 7214 5701 4796 2264 5407 858 8263 3445 6919 3173 4583 5626 1361 8050 8507 6201 2439 6598 8102 694 6340 5948 2673 5097 3961 4835 1072 7051 868 192 47 8081 5893 4843 1792 2748 5701 1502 6193 4067 4675 ]
K = 8
nk = [ 1 1 1 1 1 2 2 2 2 3 3 3 3 3 3 4 4 5 5 5 6 6 6 6 7 7 8 8 8 8 ]
First = [ 1 0 0 0 0 1 0 0 0 1 0 0 0 0 0 1 0 1 0 0 1 0 0 0 1 0 1 0 0 0 ]
Last = [ 0 0 0 0 1 0 0 0 1 0 0 0 0 0 1 0 1 0 0 1 0 0 0 1 0 1 0 0 0 1 ]
nS = 8
S = [ 1 0 0 0 0 1 0 0 0 1 0 0 0 0 0 1 0 1 0 0 1 0 0 0 1 0 1 0 0 0 ]
