n = 30 ; 
T = 48 ; 
Init = [ 1 1 0 0 0 0 1 1 1 1 1 1 0 0 0 0 0 0 1 1 0 0 0 0 0 0 0 0 0 0 ]
L = [ 5 5 6 6 6 6 5 5 5 5 5 5 5 5 5 5 5 5 2 5 7 7 7 7 7 7 8 8 8 5 ]
l = [ 5 5 6 6 6 6 5 5 5 5 5 5 5 5 5 5 5 5 2 5 7 7 7 7 7 7 8 8 8 5 ]
Pmin = [ 57 57 54 54 54 54 44 44 44 44 44 44 55 55 55 55 55 55 19 63 71 71 71 71 71 71 79 79 79 49 ]
Pmax = [ 213 213 199 199 199 199 166 166 166 166 166 166 194 194 194 194 194 194 67 220 273 273 273 273 273 273 324 324 324 192 ]
cf = [ 65.9915 65.9915 27.5251 27.5251 27.5251 27.5251 22.6148 22.6148 22.6148 22.6148 22.6148 22.6148 20.9747 20.9747 20.9747 20.9747 20.9747 20.9747 37.311 8.97312 43.8885 43.8885 43.8885 43.8885 43.8885 43.8885 43.0499 43.0499 43.0499 26.6991 ]
c0 = [ 168 168 141 141 141 141 121 121 121 121 121 121 145 145 145 145 145 145 75 168 182 182 182 182 182 182 205 205 205 139 ]
cp = [ 20.0986 20.0986 37.7397 37.7397 37.7397 37.7397 33.4637 33.4637 33.4637 33.4637 33.4637 33.4637 33.1561 33.1561 33.1561 33.1561 33.1561 33.1561 41.287 29.1107 24.627 24.627 24.627 24.627 24.627 24.627 25.959 25.959 25.959 28.609 ]
D = [ 3905 5366 3253 5509 330 6366 5711 4119 3598 1264 4362 2680 107 5526 4540 2654 5944 275 18 6335 1527 3933 4938 4110 5143 3404 2285 3808 6060 1592 4953 3494 487 1734 2531 817 1630 1771 4936 5228 3035 2827 1437 3142 1882 5977 5796 1355 ]
K = 9
nk = [ 1 1 2 2 2 2 3 3 3 3 3 3 4 4 4 4 4 4 5 6 7 7 7 7 7 7 8 8 8 9 ]
First = [ 1 0 1 0 0 0 1 0 0 0 0 0 1 0 0 0 0 0 1 1 1 0 0 0 0 0 1 0 0 1 ]
Last = [ 0 1 0 0 0 1 0 0 0 0 0 1 0 0 0 0 0 1 1 1 0 0 0 0 0 1 0 0 1 1 ]
nS = 9
S = [ 1 0 1 0 0 0 1 0 0 0 0 0 1 0 0 0 0 0 1 1 1 0 0 0 0 0 1 0 0 1 ]
