n = 30 ; 
T = 96 ; 
Init = [ 1 1 1 1 1 1 1 1 1 1 1 0 1 1 0 0 0 1 1 1 1 1 0 0 0 0 0 0 0 0 ]
L = [ 5 5 5 5 5 5 5 7 7 7 7 7 3 3 7 7 5 5 7 7 7 7 4 4 4 4 4 6 6 9 ]
l = [ 5 5 5 5 5 5 5 7 7 7 7 7 3 3 7 7 5 5 7 7 7 7 4 4 4 4 4 6 6 9 ]
Pmin = [ 50 50 50 50 50 50 50 79 79 79 79 70 31 31 73 73 56 56 70 70 70 70 45 45 45 45 45 61 61 97 ]
Pmax = [ 174 174 174 174 174 174 174 293 293 293 293 276 93 93 276 276 190 210 275 275 275 275 159 159 159 159 159 215 215 383 ]
cf = [ 10.7078 10.7078 10.7078 10.7078 10.7078 10.7078 10.7078 38.0399 38.0399 38.0399 38.0399 61.0162 17.3239 17.3239 37.7019 37.7019 26.5511 65.713 34.5827 34.5827 34.5827 34.5827 21.8268 21.8268 21.8268 21.8268 21.8268 11.2604 11.2604 68.2158 ]
c0 = [ 146 146 146 146 146 146 146 216 216 216 216 180 108 108 195 195 161 166 199 199 199 199 122 122 122 122 122 169 169 250 ]
cp = [ 24.9993 24.9993 24.9993 24.9993 24.9993 24.9993 24.9993 23.1879 23.1879 23.1879 23.1879 23.5903 36.4114 36.4114 18.1782 18.1782 28.4191 29.4163 21.4203 21.4203 21.4203 21.4203 34.3822 34.3822 34.3822 34.3822 34.3822 25.2043 25.2043 11.8052 ]
D = [ 4865 4103 5282 3937 5170 1944 5958 4727 4795 978 5168 4610 1371 3891 73 4347 6234 3425 6333 5795 6004 2289 5158 3602 2425 2251 1810 5876 6369 5530 1438 4723 3121 208 2147 1780 2152 1593 6507 435 2571 5163 5045 3942 2541 5119 1777 2264 2032 1598 1546 1524 3887 192 5126 6312 2443 424 5676 2300 5954 602 511 2563 810 2658 4342 2962 4251 4337 3396 310 2988 1930 4252 5529 536 6029 1281 2568 1115 2827 4092 5003 3018 2706 4803 5461 3130 3967 1249 2572 4569 1759 5135 5379 ]
K = 11
nk = [ 1 1 1 1 1 1 1 2 2 2 2 3 4 4 5 5 6 7 8 8 8 8 9 9 9 9 9 10 10 11 ]
First = [ 1 0 0 0 0 0 0 1 0 0 0 1 1 0 1 0 1 1 1 0 0 0 1 0 0 0 0 1 0 1 ]
Last = [ 0 0 0 0 0 0 1 0 0 0 1 1 0 1 0 1 1 1 0 0 0 1 0 0 0 0 1 0 1 1 ]
nS = 11
S = [ 1 0 0 0 0 0 0 1 0 0 0 1 1 0 1 0 1 1 1 0 0 0 1 0 0 0 0 1 0 1 ]
