n = 30 ; 
T = 96 ; 
Init = [ 1 1 0 0 0 0 0 0 0 0 0 0 0 0 0 1 1 1 0 0 0 0 0 0 0 0 0 0 0 0 ]
L = [ 9 9 9 9 9 9 6 4 4 4 5 5 5 5 5 4 4 4 6 6 6 6 6 6 6 2 2 2 8 8 ]
l = [ 9 9 9 9 9 9 6 4 4 4 5 5 5 5 5 4 4 4 6 6 6 6 6 6 6 2 2 2 8 8 ]
Pmin = [ 97 97 90 90 90 90 60 43 43 43 51 51 51 51 51 33 33 42 66 66 66 66 66 66 66 16 16 16 87 87 ]
Pmax = [ 401 401 358 358 358 358 237 135 135 135 182 182 182 182 182 125 125 145 253 253 253 253 253 253 253 29 29 29 329 329 ]
cf = [ 46.6758 46.6758 55.3119 55.3119 55.3119 55.3119 45.1759 69.3202 69.3202 69.3202 66.6291 66.6291 66.6291 66.6291 66.6291 19.5551 19.5551 8.01943 16.9692 16.9692 16.9692 16.9692 16.9692 16.9692 16.9692 32.7404 32.7404 32.7404 38.1988 38.1988 ]
c0 = [ 250 250 242 242 242 242 162 117 117 117 147 147 147 147 147 89 89 117 172 172 172 172 172 172 172 60 60 60 237 237 ]
cp = [ 12.8347 12.8347 14.9047 14.9047 14.9047 14.9047 23.0827 26.6924 26.6924 26.6924 21.3558 21.3558 21.3558 21.3558 21.3558 34.6034 34.6034 34.1355 25.0454 25.0454 25.0454 25.0454 25.0454 25.0454 25.0454 41.9959 41.9959 41.9959 19.7373 19.7373 ]
D = [ 4097 3515 5976 1458 3443 5618 2793 3551 6677 5529 171 72 1940 1938 613 5452 3302 4670 3123 5601 1366 1558 679 3971 5421 2716 4714 876 703 4012 1716 4800 830 995 6258 4274 6613 2354 1128 6593 1186 1299 6665 3125 3237 581 1880 6539 5250 5004 5443 6616 6562 6122 3891 5286 2141 1908 6161 2844 5920 1180 947 54 2175 508 4327 2091 2861 5455 1987 4047 57 1955 475 3294 2535 2356 3135 1089 663 1882 1008 528 1307 4898 5814 3448 109 5278 6292 6030 6458 542 6083 1937 ]
K = 10
nk = [ 1 1 2 2 2 2 3 4 4 4 5 5 5 5 5 6 6 7 8 8 8 8 8 8 8 9 9 9 10 10 ]
First = [ 1 0 1 0 0 0 1 1 0 0 1 0 0 0 0 1 0 1 1 0 0 0 0 0 0 1 0 0 1 0 ]
Last = [ 0 1 0 0 0 1 1 0 0 1 0 0 0 0 1 0 1 1 0 0 0 0 0 0 1 0 0 1 0 1 ]
nS = 10
S = [ 1 0 1 0 0 0 1 1 0 0 1 0 0 0 0 1 0 1 1 0 0 0 0 0 0 1 0 0 1 0 ]
