n = 30 ; 
T = 96 ; 
Init = [ 0 1 1 1 1 1 1 1 1 1 1 1 1 1 1 1 1 0 0 0 0 0 0 1 1 1 1 1 1 1 ]
L = [ 9 8 8 8 8 8 8 8 8 8 8 8 5 5 5 5 5 8 8 8 8 8 8 3 3 3 3 3 3 10 ]
l = [ 9 8 8 8 8 8 8 8 8 8 8 8 5 5 5 5 5 8 8 8 8 8 8 3 3 3 3 3 3 10 ]
Pmin = [ 94 87 87 87 87 87 81 81 81 81 81 81 46 46 46 46 46 84 84 84 84 84 84 30 30 30 30 30 30 100 ]
Pmax = [ 379 350 350 350 350 350 302 302 302 302 302 302 168 168 168 168 168 327 327 327 327 327 327 92 92 92 92 92 92 420 ]
cf = [ 29.9661 57.8447 57.8447 57.8447 57.8447 57.8447 39.9015 39.9015 39.9015 39.9015 39.9015 39.9015 67.5044 67.5044 67.5044 67.5044 67.5044 30.7913 30.7913 30.7913 30.7913 30.7913 30.7913 16.2874 16.2874 16.2874 16.2874 16.2874 16.2874 17.3669 ]
c0 = [ 250 223 223 223 223 223 217 217 217 217 217 217 134 134 134 134 134 226 226 226 226 226 226 87 87 87 87 87 87 250 ]
cp = [ 13.2102 19.1169 19.1169 19.1169 19.1169 19.1169 14.9012 14.9012 14.9012 14.9012 14.9012 14.9012 18.2327 18.2327 18.2327 18.2327 18.2327 16.1841 16.1841 16.1841 16.1841 16.1841 16.1841 31.0509 31.0509 31.0509 31.0509 31.0509 31.0509 8.41389 ]
D = [ 4032 4851 4696 346 4545 7609 1484 5815 3881 6195 3183 4535 3871 3996 823 5907 7220 4229 6421 1533 199 5626 6295 2558 706 3949 3740 6100 5409 5778 4570 1726 2914 1551 2073 7460 1445 3556 5560 5326 2037 1028 2146 5908 5024 2969 4100 4529 7198 2806 6062 7397 717 4642 2240 1423 876 5980 7524 6285 4043 4379 296 6958 5929 2369 6702 7374 5925 4547 4985 247 5576 7132 6154 2885 2386 2539 7414 1869 5345 5761 1551 6062 2689 3791 7485 3565 2056 7294 2135 6099 3957 2431 5342 2172 ]
K = 7
nk = [ 1 2 2 2 2 2 3 3 3 3 3 3 4 4 4 4 4 5 5 5 5 5 5 6 6 6 6 6 6 7 ]
First = [ 1 1 0 0 0 0 1 0 0 0 0 0 1 0 0 0 0 1 0 0 0 0 0 1 0 0 0 0 0 1 ]
Last = [ 1 0 0 0 0 1 0 0 0 0 0 1 0 0 0 0 1 0 0 0 0 0 1 0 0 0 0 0 1 1 ]
nS = 7
S = [ 1 1 0 0 0 0 1 0 0 0 0 0 1 0 0 0 0 1 0 0 0 0 0 1 0 0 0 0 0 1 ]
