n = 30 ; 
T = 96 ; 
Init = [ 0 0 0 0 0 0 0 1 1 1 1 1 1 1 1 1 1 1 1 1 1 1 1 1 1 1 1 1 1 1 ]
L = [ 9 9 9 9 9 10 10 5 5 5 5 5 5 5 8 8 8 8 8 6 6 6 6 6 3 3 3 3 3 3 ]
l = [ 9 9 9 9 9 10 10 5 5 5 5 5 5 5 8 8 8 8 8 6 6 6 6 6 3 3 3 3 3 3 ]
Pmin = [ 96 96 96 96 96 100 100 47 47 47 47 47 47 47 96 96 96 96 96 54 54 54 54 54 23 23 23 23 23 23 ]
Pmax = [ 393 393 393 393 393 408 408 183 183 183 183 183 183 183 370 370 370 370 370 210 210 210 210 210 77 77 77 77 77 77 ]
cf = [ 10.905 10.905 10.905 10.905 10.905 32.102 32.102 54.9307 54.9307 54.9307 54.9307 54.9307 54.9307 54.9307 67.6642 67.6642 67.6642 67.6642 67.6642 11.8453 11.8453 11.8453 11.8453 11.8453 27.1548 27.1548 27.1548 27.1548 27.1548 27.1548 ]
c0 = [ 250 250 250 250 250 250 250 144 144 144 144 144 144 144 250 250 250 250 250 153 153 153 153 153 70 70 70 70 70 70 ]
cp = [ 16.0728 16.0728 16.0728 16.0728 16.0728 14.8803 14.8803 28.5709 28.5709 28.5709 28.5709 28.5709 28.5709 28.5709 19.4052 19.4052 19.4052 19.4052 19.4052 13.068 13.068 13.068 13.068 13.068 41.2075 41.2075 41.2075 41.2075 41.2075 41.2075 ]
D = [ 1263 5562 248 6911 5287 819 1862 6333 608 3868 3489 1658 3608 133 6872 4298 3126 5904 7133 1631 5938 3162 839 2912 6238 5108 4220 4186 6162 1898 1476 1 36 1723 6912 5323 2542 1350 4232 3150 5218 296 4808 1403 429 4256 5701 3555 2736 5410 5186 1250 1148 6025 4161 7386 3709 957 4149 2447 2854 5624 2448 2890 7348 1936 789 2466 3285 5020 5616 1080 5317 3000 2482 5746 7256 759 1877 2568 6169 7062 3817 7317 5663 555 7280 1948 1512 4004 4395 4366 2205 6843 7256 2128 ]
K = 6
nk = [ 1 1 1 1 1 2 2 3 3 3 3 3 3 3 4 4 4 4 4 5 5 5 5 5 6 6 6 6 6 6 ]
First = [ 1 0 0 0 0 1 0 1 0 0 0 0 0 0 1 0 0 0 0 1 0 0 0 0 1 0 0 0 0 0 ]
Last = [ 0 0 0 0 1 0 1 0 0 0 0 0 0 1 0 0 0 0 1 0 0 0 0 1 0 0 0 0 0 1 ]
nS = 6
S = [ 1 0 0 0 0 1 0 1 0 0 0 0 0 0 1 0 0 0 0 1 0 0 0 0 1 0 0 0 0 0 ]
