n = 30 ; 
T = 96 ; 
Init = [ 1 1 1 1 1 1 1 0 0 0 1 1 1 0 0 0 0 0 0 0 0 0 0 0 0 1 0 0 0 0 ]
L = [ 5 5 5 5 5 5 5 9 9 9 6 6 6 7 7 7 7 7 7 2 2 2 2 2 2 3 9 9 9 9 ]
l = [ 5 5 5 5 5 5 5 9 9 9 6 6 6 7 7 7 7 7 7 2 2 2 2 2 2 3 9 9 9 9 ]
Pmin = [ 58 58 58 58 58 58 58 100 100 100 66 66 66 72 72 72 72 72 72 22 22 22 22 22 22 23 88 88 88 88 ]
Pmax = [ 230 230 230 230 230 230 230 401 401 401 243 243 243 262 262 262 262 262 262 46 46 46 46 46 46 78 367 367 367 367 ]
cf = [ 62.3848 62.3848 62.3848 62.3848 62.3848 62.3848 62.3848 29.5573 29.5573 29.5573 11.9405 11.9405 11.9405 32.2101 32.2101 32.2101 32.2101 32.2101 32.2101 12.9931 12.9931 12.9931 12.9931 12.9931 12.9931 44.3879 53.7529 53.7529 53.7529 53.7529 ]
c0 = [ 172 172 172 172 172 172 172 250 250 250 181 181 181 199 199 199 199 199 199 74 74 74 74 74 74 73 241 241 241 241 ]
cp = [ 20.6641 20.6641 20.6641 20.6641 20.6641 20.6641 20.6641 10.5262 10.5262 10.5262 20.6929 20.6929 20.6929 21.4487 21.4487 21.4487 21.4487 21.4487 21.4487 38.7106 38.7106 38.7106 38.7106 38.7106 38.7106 35.3235 20.8636 20.8636 20.8636 20.8636 ]
D = [ 5275 3187 5746 5819 5963 6405 2999 4174 6267 3884 4127 3208 5673 2299 2345 1586 6366 3488 1400 6890 6417 2467 674 3916 920 2654 818 1688 4816 4844 4950 3155 1095 3759 2039 122 3229 5038 4297 2560 1986 1487 5768 722 3787 1177 2308 3217 4665 3708 3171 4146 6174 3846 1126 159 6500 1944 1847 4380 6788 6797 599 947 3620 2638 1070 6849 740 5366 2472 2725 6853 1304 3447 3704 2481 5755 6921 211 2527 3156 4357 1765 66 5483 1924 6565 491 3771 4009 343 3631 4608 1291 315 ]
K = 7
nk = [ 1 1 1 1 1 1 1 2 2 2 3 3 3 4 4 4 4 4 4 5 5 5 5 5 5 6 7 7 7 7 ]
First = [ 1 0 0 0 0 0 0 1 0 0 1 0 0 1 0 0 0 0 0 1 0 0 0 0 0 1 1 0 0 0 ]
Last = [ 0 0 0 0 0 0 1 0 0 1 0 0 1 0 0 0 0 0 1 0 0 0 0 0 1 1 0 0 0 1 ]
nS = 7
S = [ 1 0 0 0 0 0 0 1 0 0 1 0 0 1 0 0 0 0 0 1 0 0 0 0 0 1 1 0 0 0 ]
