n = 30 ; 
T = 96 ; 
Init = [ 1 1 1 1 1 1 1 1 1 0 0 0 1 1 1 1 0 0 0 0 0 0 0 0 0 0 0 0 0 0 ]
L = [ 9 9 9 9 9 9 10 10 10 4 4 4 4 3 3 3 6 6 6 6 6 6 5 5 5 5 5 5 5 8 ]
l = [ 9 9 9 9 9 9 10 10 10 4 4 4 4 3 3 3 6 6 6 6 6 6 5 5 5 5 5 5 5 8 ]
Pmin = [ 94 94 94 94 94 94 100 100 100 38 38 38 46 33 33 33 67 67 67 67 67 67 58 58 58 58 58 58 58 90 ]
Pmax = [ 385 385 385 385 385 385 420 420 420 129 129 129 157 99 99 99 268 268 268 268 268 268 218 218 218 218 218 218 218 349 ]
cf = [ 41.999 41.999 41.999 41.999 41.999 41.999 10.3918 10.3918 10.3918 34.1194 34.1194 34.1194 30.5095 23.3552 23.3552 23.3552 40.3702 40.3702 40.3702 40.3702 40.3702 40.3702 62.4993 62.4993 62.4993 62.4993 62.4993 62.4993 62.4993 49.6841 ]
c0 = [ 250 250 250 250 250 250 250 250 250 120 120 120 126 91 91 91 182 182 182 182 182 182 158 158 158 158 158 158 158 237 ]
cp = [ 16.1025 16.1025 16.1025 16.1025 16.1025 16.1025 8.3427 8.3427 8.3427 38.1187 38.1187 38.1187 35.1073 35.4337 35.4337 35.4337 17.4406 17.4406 17.4406 17.4406 17.4406 17.4406 22.3257 22.3257 22.3257 22.3257 22.3257 22.3257 22.3257 21.9552 ]
D = [ 757 5672 2229 4155 723 4279 443 7677 1733 1061 112 1423 3059 2247 4737 6172 7794 1970 6362 3866 2495 4500 2370 4292 7440 2967 7592 6187 3059 984 98 3816 6656 2327 78 7379 6606 520 7163 445 1582 7274 1868 4641 1627 6605 2919 1527 682 1387 5393 3176 5887 7763 7468 5433 2836 7166 3726 5895 256 3824 1817 6912 6151 1895 6397 4863 2415 5666 5307 3996 5046 7175 743 6673 5886 3663 306 6568 5050 5699 1850 3043 5568 1424 582 509 696 4309 6404 952 239 327 7864 6390 ]
K = 8
nk = [ 1 1 1 1 1 1 2 2 2 3 3 3 4 5 5 5 6 6 6 6 6 6 7 7 7 7 7 7 7 8 ]
First = [ 1 0 0 0 0 0 1 0 0 1 0 0 1 1 0 0 1 0 0 0 0 0 1 0 0 0 0 0 0 1 ]
Last = [ 0 0 0 0 0 1 0 0 1 0 0 1 1 0 0 1 0 0 0 0 0 1 0 0 0 0 0 0 1 1 ]
nS = 8
S = [ 1 0 0 0 0 0 1 0 0 1 0 0 1 1 0 0 1 0 0 0 0 0 1 0 0 0 0 0 0 1 ]
