n = 30 ; 
T = 96 ; 
Init = [ 0 0 0 0 0 0 0 1 1 1 1 1 1 0 0 0 0 0 0 0 0 0 0 0 0 0 0 0 1 1 ]
L = [ 3 3 3 3 3 3 3 2 2 2 2 2 2 8 8 5 5 5 5 5 5 5 3 3 3 3 3 3 6 6 ]
l = [ 3 3 3 3 3 3 3 2 2 2 2 2 2 8 8 5 5 5 5 5 5 5 3 3 3 3 3 3 6 6 ]
Pmin = [ 29 29 29 29 29 29 29 17 17 17 17 17 17 86 86 53 53 53 53 53 53 53 35 35 35 35 35 35 56 56 ]
Pmax = [ 100 100 100 100 100 100 100 50 50 50 50 50 50 352 352 176 176 176 176 176 176 176 101 101 101 101 101 101 203 203 ]
cf = [ 17.0228 17.0228 17.0228 17.0228 17.0228 17.0228 17.0228 48.845 48.845 48.845 48.845 48.845 48.845 42.371 42.371 60.9204 60.9204 60.9204 60.9204 60.9204 60.9204 60.9204 61.445 61.445 61.445 61.445 61.445 61.445 50.279 50.279 ]
c0 = [ 101 101 101 101 101 101 101 55 55 55 55 55 55 233 233 142 142 142 142 142 142 142 98 98 98 98 98 98 158 158 ]
cp = [ 37.4711 37.4711 37.4711 37.4711 37.4711 37.4711 37.4711 37.926 37.926 37.926 37.926 37.926 37.926 16.1682 16.1682 29.692 29.692 29.692 29.692 29.692 29.692 29.692 30.1052 30.1052 30.1052 30.1052 30.1052 30.1052 28.1947 28.1947 ]
D = [ 3478 2512 2224 1747 1943 1688 511 3922 303 213 2231 3608 2593 698 360 1669 272 2540 2740 3169 925 171 2450 3742 2249 2349 2817 3130 266 753 2732 3744 3266 1008 1543 1261 2695 2055 1235 2999 2267 3466 2659 912 215 3019 2581 487 1611 1373 3657 2536 1544 2159 2330 3793 560 1200 2975 826 1953 1759 622 1271 2766 2166 2532 1514 272 3766 564 2539 3284 3223 3451 3499 2294 2084 38 3905 3457 3695 2493 1052 1906 875 897 2466 2075 3872 3292 80 1683 3914 1350 501 ]
K = 6
nk = [ 1 1 1 1 1 1 1 2 2 2 2 2 2 3 3 4 4 4 4 4 4 4 5 5 5 5 5 5 6 6 ]
First = [ 1 0 0 0 0 0 0 1 0 0 0 0 0 1 0 1 0 0 0 0 0 0 1 0 0 0 0 0 1 0 ]
Last = [ 0 0 0 0 0 0 1 0 0 0 0 0 1 0 1 0 0 0 0 0 0 1 0 0 0 0 0 1 0 1 ]
nS = 6
S = [ 1 0 0 0 0 0 0 1 0 0 0 0 0 1 0 1 0 0 0 0 0 0 1 0 0 0 0 0 1 0 ]
