n = 30 ; 
T = 96 ; 
Init = [ 1 1 1 1 1 0 0 0 0 1 1 1 1 0 0 0 0 0 0 1 1 1 1 1 1 1 1 1 1 1 ]
L = [ 8 8 8 8 8 7 7 7 7 5 6 6 6 6 6 6 6 6 6 4 4 4 4 4 4 4 3 3 6 6 ]
l = [ 8 8 8 8 8 7 7 7 7 5 6 6 6 6 6 6 6 6 6 4 4 4 4 4 4 4 3 3 6 6 ]
Pmin = [ 88 88 88 88 88 71 71 71 71 59 68 68 68 60 60 60 60 60 60 45 45 45 45 45 45 45 23 23 59 59 ]
Pmax = [ 330 330 330 330 330 290 290 290 290 213 252 252 252 225 225 225 225 225 225 141 141 141 141 141 141 141 77 77 238 238 ]
cf = [ 17.6831 17.6831 17.6831 17.6831 17.6831 67.9941 67.9941 67.9941 67.9941 51.0984 68.0799 68.0799 68.0799 13.0595 13.0595 13.0595 13.0595 13.0595 13.0595 11.1754 11.1754 11.1754 11.1754 11.1754 11.1754 11.1754 27.4243 27.4243 21.0212 21.0212 ]
c0 = [ 231 231 231 231 231 195 195 195 195 170 177 177 177 163 163 163 163 163 163 126 126 126 126 126 126 126 67 67 163 163 ]
cp = [ 18.052 18.052 18.052 18.052 18.052 32.0652 32.0652 32.0652 32.0652 26.8906 30.8074 30.8074 30.8074 33.2954 33.2954 33.2954 33.2954 33.2954 33.2954 34.1052 34.1052 34.1052 34.1052 34.1052 34.1052 34.1052 36.082 36.082 26.3665 26.3665 ]
D = [ 6000 4581 3632 3976 4376 4281 4423 6563 5782 1706 4872 3274 6410 3224 1738 4046 4450 2287 6653 1965 585 4346 6417 2587 2558 2214 2669 2637 956 6106 6484 210 3941 3370 4187 1571 904 1864 1387 6687 3570 6259 3214 3234 2737 4952 534 441 494 441 2407 1078 4786 2077 3665 599 4291 6334 3235 5248 5694 2973 5458 2889 6342 2899 4459 501 4763 5847 441 1587 5360 3656 4822 1351 1862 5356 1793 2356 5797 4199 3434 3837 6276 353 4435 3822 6687 925 2323 5634 3898 1036 1777 3494 ]
K = 8
nk = [ 1 1 1 1 1 2 2 2 2 3 4 4 4 5 5 5 5 5 5 6 6 6 6 6 6 6 7 7 8 8 ]
First = [ 1 0 0 0 0 1 0 0 0 1 1 0 0 1 0 0 0 0 0 1 0 0 0 0 0 0 1 0 1 0 ]
Last = [ 0 0 0 0 1 0 0 0 1 1 0 0 1 0 0 0 0 0 1 0 0 0 0 0 0 1 0 1 0 1 ]
nS = 8
S = [ 1 0 0 0 0 1 0 0 0 1 1 0 0 1 0 0 0 0 0 1 0 0 0 0 0 0 1 0 1 0 ]
