n = 30 ; 
T = 96 ; 
Init = [ 0 0 0 0 0 0 0 0 0 0 0 0 0 0 0 1 1 1 1 1 1 1 1 1 1 1 1 0 0 0 ]
L = [ 3 3 3 3 3 3 3 3 3 3 3 3 2 2 2 8 8 8 8 8 8 8 2 2 2 2 2 10 10 10 ]
l = [ 3 3 3 3 3 3 3 3 3 3 3 3 2 2 2 8 8 8 8 8 8 8 2 2 2 2 2 10 10 10 ]
Pmin = [ 37 37 37 37 37 30 30 30 30 30 30 30 15 15 15 89 89 89 89 89 89 89 24 24 24 24 24 100 100 100 ]
Pmax = [ 116 116 116 116 116 108 108 108 108 108 108 108 25 25 25 336 336 336 336 336 336 336 59 59 59 59 59 407 407 407 ]
cf = [ 33.1824 33.1824 33.1824 33.1824 33.1824 41.0776 41.0776 41.0776 41.0776 41.0776 41.0776 41.0776 69.1947 69.1947 69.1947 20.2462 20.2462 20.2462 20.2462 20.2462 20.2462 20.2462 57.6848 57.6848 57.6848 57.6848 57.6848 23.4182 23.4182 23.4182 ]
c0 = [ 114 114 114 114 114 91 91 91 91 91 91 91 65 65 65 229 229 229 229 229 229 229 73 73 73 73 73 250 250 250 ]
cp = [ 34.8469 34.8469 34.8469 34.8469 34.8469 37.531 37.531 37.531 37.531 37.531 37.531 37.531 41.7774 41.7774 41.7774 15.1878 15.1878 15.1878 15.1878 15.1878 15.1878 15.1878 38.7383 38.7383 38.7383 38.7383 38.7383 13.5944 13.5944 13.5944 ]
D = [ 4983 2738 874 4915 3848 5121 1012 2385 2653 4455 2152 3484 532 2207 3878 3338 182 1937 2257 3177 4941 2691 2472 3451 3187 4037 4976 1526 509 241 4823 212 2979 419 5128 1548 261 861 3933 2914 37 806 1119 569 3014 4997 3907 3196 1656 885 1093 1318 3576 3565 4768 1484 2323 4465 3010 2832 4706 2554 3044 2406 2973 2893 3954 3233 3754 2608 868 3791 3414 1987 4360 1148 1705 2988 4344 3361 3873 158 4679 2170 3724 4168 3654 768 3354 1385 3600 2782 3939 1365 5188 1632 ]
K = 6
nk = [ 1 1 1 1 1 2 2 2 2 2 2 2 3 3 3 4 4 4 4 4 4 4 5 5 5 5 5 6 6 6 ]
First = [ 1 0 0 0 0 1 0 0 0 0 0 0 1 0 0 1 0 0 0 0 0 0 1 0 0 0 0 1 0 0 ]
Last = [ 0 0 0 0 1 0 0 0 0 0 0 1 0 0 1 0 0 0 0 0 0 1 0 0 0 0 1 0 0 1 ]
nS = 6
S = [ 1 0 0 0 0 1 0 0 0 0 0 0 1 0 0 1 0 0 0 0 0 0 1 0 0 0 0 1 0 0 ]
