n = 30 ; 
T = 96 ; 
Init = [ 1 1 1 1 1 1 1 0 0 0 0 0 0 0 0 1 1 1 1 1 1 1 0 1 1 1 0 1 1 1 ]
L = [ 3 3 3 3 3 3 3 4 4 4 4 4 4 6 6 3 3 3 3 3 3 3 5 4 4 4 4 7 7 7 ]
l = [ 3 3 3 3 3 3 3 4 4 4 4 4 4 6 6 3 3 3 3 3 3 3 5 4 4 4 4 7 7 7 ]
Pmin = [ 41 25 25 25 25 25 25 42 42 42 42 42 42 62 62 27 27 27 27 27 27 27 51 46 46 46 37 75 75 75 ]
Pmax = [ 126 64 64 64 64 64 64 136 136 136 136 136 136 221 221 64 64 64 64 64 64 64 199 162 162 162 118 286 286 286 ]
cf = [ 44.0845 10.3216 10.3216 10.3216 10.3216 10.3216 10.3216 48.1934 48.1934 48.1934 48.1934 48.1934 48.1934 36.6372 36.6372 45.0057 45.0057 45.0057 45.0057 45.0057 45.0057 45.0057 67.4654 27.3611 27.3611 27.3611 26.4592 57.4001 57.4001 57.4001 ]
c0 = [ 125 82 82 82 82 82 82 131 131 131 131 131 131 171 171 82 82 82 82 82 82 82 150 135 135 135 119 204 204 204 ]
cp = [ 39.1154 33.5318 33.5318 33.5318 33.5318 33.5318 33.5318 38.7363 38.7363 38.7363 38.7363 38.7363 38.7363 27.5061 27.5061 37.353 37.353 37.353 37.353 37.353 37.353 37.353 37.5851 31.4124 31.4124 31.4124 34.0193 17.2566 17.2566 17.2566 ]
D = [ 2529 2311 1999 1187 258 461 1031 1511 1659 255 1240 433 673 799 1481 3256 3601 3843 3552 585 281 1469 2426 1168 1021 1683 3121 1524 3481 3150 3319 2132 1584 1441 3319 1842 1903 473 3353 3562 728 716 118 1401 1515 1599 781 1238 1565 456 1824 1845 1924 372 3013 2945 2056 2257 592 1659 1530 34 3792 3114 1476 3234 1079 3378 3707 555 3063 558 1271 3181 1959 2786 902 2740 147 2467 3195 1970 435 1242 2343 3448 311 521 1828 903 2181 3359 937 2096 2596 2413 ]
K = 9
nk = [ 1 2 2 2 2 2 2 3 3 3 3 3 3 4 4 5 5 5 5 5 5 5 6 7 7 7 8 9 9 9 ]
First = [ 1 1 0 0 0 0 0 1 0 0 0 0 0 1 0 1 0 0 0 0 0 0 1 1 0 0 1 1 0 0 ]
Last = [ 1 0 0 0 0 0 1 0 0 0 0 0 1 0 1 0 0 0 0 0 0 1 1 0 0 1 1 0 0 1 ]
nS = 9
S = [ 1 1 0 0 0 0 0 1 0 0 0 0 0 1 0 1 0 0 0 0 0 0 1 1 0 0 1 1 0 0 ]
