n = 30 ; 
T = 96 ; 
Init = [ 0 0 0 0 0 0 0 0 0 1 1 1 0 1 1 1 1 1 1 1 1 1 1 1 1 1 1 1 1 1 ]
L = [ 8 8 8 8 8 6 6 6 9 6 6 6 5 2 2 2 2 8 8 8 8 8 8 8 8 8 8 8 8 8 ]
l = [ 8 8 8 8 8 6 6 6 9 6 6 6 5 2 2 2 2 8 8 8 8 8 8 8 8 8 8 8 8 8 ]
Pmin = [ 87 87 87 87 87 56 56 56 95 66 66 66 47 23 23 23 23 86 86 86 86 86 86 94 94 94 94 82 82 82 ]
Pmax = [ 342 342 342 342 342 207 207 207 367 235 235 235 186 52 52 52 52 340 340 340 340 340 340 356 356 356 356 338 338 338 ]
cf = [ 59.9427 59.9427 59.9427 59.9427 59.9427 23.6779 23.6779 23.6779 31.3234 55.808 55.808 55.808 35.9113 34.0542 34.0542 34.0542 34.0542 56.7887 56.7887 56.7887 56.7887 56.7887 56.7887 34.1599 34.1599 34.1599 34.1599 65.3914 65.3914 65.3914 ]
c0 = [ 228 228 228 228 228 147 147 147 250 174 174 174 124 65 65 65 65 237 237 237 237 237 237 246 246 246 246 228 228 228 ]
cp = [ 15.9841 15.9841 15.9841 15.9841 15.9841 19.8646 19.8646 19.8646 11.5447 23.8753 23.8753 23.8753 29.4834 36.6657 36.6657 36.6657 36.6657 13.8744 13.8744 13.8744 13.8744 13.8744 13.8744 13.3119 13.3119 13.3119 13.3119 15.5016 15.5016 15.5016 ]
D = [ 6834 6280 3371 1754 4416 7169 5308 2681 2461 4702 377 6669 7408 1497 8086 745 5170 5284 6473 7767 6322 546 8101 712 3276 6225 4240 5943 2200 3566 7124 760 1572 2221 2514 5988 1114 7822 393 3576 4249 771 1970 3382 2267 1781 4127 7437 7065 2325 6930 5112 2871 6756 5824 6147 4706 1789 3816 6906 5356 2665 7666 6927 4885 1904 4640 6000 1451 5033 1301 5700 5804 3270 806 8071 5051 4933 7234 3841 7258 5888 679 1854 4369 6503 8001 800 17 3542 7706 5372 6207 7097 4024 2817 ]
K = 9
nk = [ 1 1 1 1 1 2 2 2 3 4 4 4 5 6 6 6 6 7 7 7 7 7 7 8 8 8 8 9 9 9 ]
First = [ 1 0 0 0 0 1 0 0 1 1 0 0 1 1 0 0 0 1 0 0 0 0 0 1 0 0 0 1 0 0 ]
Last = [ 0 0 0 0 1 0 0 1 1 0 0 1 1 0 0 0 1 0 0 0 0 0 1 0 0 0 1 0 0 1 ]
nS = 9
S = [ 1 0 0 0 0 1 0 0 1 1 0 0 1 1 0 0 0 1 0 0 0 0 0 1 0 0 0 1 0 0 ]
