n = 30 ; 
T = 96 ; 
Init = [ 1 1 1 1 1 1 1 1 1 1 1 1 1 1 1 1 1 1 1 0 0 0 0 0 0 0 0 1 1 0 ]
L = [ 3 3 3 3 7 7 7 7 9 9 9 8 8 8 8 8 8 5 5 8 7 7 7 7 7 7 7 10 10 5 ]
l = [ 3 3 3 3 7 7 7 7 9 9 9 8 8 8 8 8 8 5 5 8 7 7 7 7 7 7 7 10 10 5 ]
Pmin = [ 27 27 27 27 71 71 71 71 91 91 91 85 85 85 85 85 85 53 53 86 76 76 76 76 76 76 76 100 100 49 ]
Pmax = [ 100 100 100 100 271 271 271 271 367 367 367 340 340 340 340 340 340 211 211 355 314 314 314 314 314 314 314 401 401 192 ]
cf = [ 66.2829 66.2829 66.2829 66.2829 29.2266 29.2266 29.2266 29.2266 65.1194 65.1194 65.1194 32.7322 32.7322 32.7322 32.7322 32.7322 32.7322 24.5909 24.5909 58.0004 67.0105 67.0105 67.0105 67.0105 67.0105 67.0105 67.0105 30.0613 30.0613 54.5324 ]
c0 = [ 88 88 88 88 192 192 192 192 239 239 239 235 235 235 235 235 235 156 156 230 195 195 195 195 195 195 195 250 250 133 ]
cp = [ 40.3713 40.3713 40.3713 40.3713 17.9644 17.9644 17.9644 17.9644 16.4805 16.4805 16.4805 16.3151 16.3151 16.3151 16.3151 16.3151 16.3151 34.7052 34.7052 20.4692 17.8119 17.8119 17.8119 17.8119 17.8119 17.8119 17.8119 9.9068 9.9068 33.4649 ]
D = [ 1484 7184 3241 818 2100 5641 7775 1692 192 5665 3292 5532 942 7902 8048 4936 7662 6910 4315 4958 2531 6549 3133 1894 8070 871 637 1693 7220 8328 1902 110 6918 5143 928 423 2190 110 2115 2382 5775 5408 7914 6717 4716 7368 3058 3784 5684 7374 147 8216 5328 3281 1515 4804 4151 2152 6497 2778 1886 8400 2888 210 4949 3817 633 7139 3926 2748 927 1107 8156 247 7824 4278 7616 2288 8062 4706 1068 8209 4328 6396 2895 5843 2606 7047 7995 510 1230 1287 316 4118 1497 5265 ]
K = 9
nk = [ 1 1 1 1 2 2 2 2 3 3 3 4 4 4 4 4 4 5 5 6 7 7 7 7 7 7 7 8 8 9 ]
First = [ 1 0 0 0 1 0 0 0 1 0 0 1 0 0 0 0 0 1 0 1 1 0 0 0 0 0 0 1 0 1 ]
Last = [ 0 0 0 1 0 0 0 1 0 0 1 0 0 0 0 0 1 0 1 1 0 0 0 0 0 0 1 0 1 1 ]
nS = 9
S = [ 1 0 0 0 1 0 0 0 1 0 0 1 0 0 0 0 0 1 0 1 1 0 0 0 0 0 0 1 0 1 ]
