n = 30 ; 
T = 96 ; 
Init = [ 1 1 1 1 1 1 1 1 1 1 1 1 1 1 1 1 1 1 1 1 1 1 1 1 1 1 1 1 1 1 ]
L = [ 7 7 7 7 7 5 5 5 5 5 5 5 3 3 3 3 3 9 9 9 9 9 9 9 3 3 3 3 3 3 ]
l = [ 7 7 7 7 7 5 5 5 5 5 5 5 3 3 3 3 3 9 9 9 9 9 9 9 3 3 3 3 3 3 ]
Pmin = [ 83 83 83 83 83 45 45 45 45 45 45 45 35 35 35 35 35 97 97 97 97 97 97 97 20 20 20 20 20 20 ]
Pmax = [ 318 318 318 318 318 161 161 161 161 161 161 161 119 119 119 119 119 381 381 381 381 381 381 381 71 71 71 71 71 71 ]
cf = [ 43.6108 43.6108 43.6108 43.6108 43.6108 40.0483 40.0483 40.0483 40.0483 40.0483 40.0483 40.0483 13.9986 13.9986 13.9986 13.9986 13.9986 53.67 53.67 53.67 53.67 53.67 53.67 53.67 18.206 18.206 18.206 18.206 18.206 18.206 ]
c0 = [ 215 215 215 215 215 136 136 136 136 136 136 136 98 98 98 98 98 250 250 250 250 250 250 250 69 69 69 69 69 69 ]
cp = [ 15.9327 15.9327 15.9327 15.9327 15.9327 31.4887 31.4887 31.4887 31.4887 31.4887 31.4887 31.4887 32.7701 32.7701 32.7701 32.7701 32.7701 11.9068 11.9068 11.9068 11.9068 11.9068 11.9068 11.9068 31.6122 31.6122 31.6122 31.6122 31.6122 31.6122 ]
D = [ 5805 46 5705 112 4791 440 3473 4587 4842 1644 1765 4887 488 2648 4109 3321 4770 5773 4625 4954 424 5878 4217 2913 3888 6303 6237 4116 3704 2561 57 3104 2607 5762 3215 993 6202 283 5580 4639 1927 940 3122 2415 3588 825 5736 1954 193 3955 502 617 3429 4719 3530 912 4617 3362 5028 1915 5923 5084 5019 2125 4441 1829 3118 4238 2112 2293 2472 4040 3233 5594 50 416 14 5785 2370 207 3336 2872 824 359 1186 4355 1271 5803 1312 6299 1314 830 4978 6333 2956 3015 ]
K = 5
nk = [ 1 1 1 1 1 2 2 2 2 2 2 2 3 3 3 3 3 4 4 4 4 4 4 4 5 5 5 5 5 5 ]
First = [ 1 0 0 0 0 1 0 0 0 0 0 0 1 0 0 0 0 1 0 0 0 0 0 0 1 0 0 0 0 0 ]
Last = [ 0 0 0 0 1 0 0 0 0 0 0 1 0 0 0 0 1 0 0 0 0 0 0 1 0 0 0 0 0 1 ]
nS = 5
S = [ 1 0 0 0 0 1 0 0 0 0 0 0 1 0 0 0 0 1 0 0 0 0 0 0 1 0 0 0 0 0 ]
