n = 20 ; 
T = 24 ; 
Init = [ 1 0 0 0 0 0 0 0 0 0 0 0 0 0 1 1 1 0 0 0 ]
L = [ 8 8 8 8 8 8 8 6 6 6 10 10 10 10 9 9 9 7 7 7 ]
l = [ 8 8 8 8 8 8 8 6 6 6 10 10 10 10 9 9 9 7 7 7 ]
Pmin = [ 92 94 94 94 94 94 94 65 65 65 100 100 100 100 89 89 89 75 75 75 ]
Pmax = [ 362 358 358 358 358 358 358 240 240 240 420 420 420 420 360 360 360 295 295 295 ]
cf = [ 60.1654 69.0093 69.0093 69.0093 69.0093 69.0093 69.0093 17.399 17.399 17.399 62.5145 62.5145 62.5145 62.5145 16.898 16.898 16.898 65.3182 65.3182 65.3182 ]
c0 = [ 248 245 245 245 245 245 245 183 183 183 250 250 250 250 244 244 244 193 193 193 ]
cp = [ 13.167 15.9249 15.9249 15.9249 15.9249 15.9249 15.9249 34.0757 34.0757 34.0757 10.572 10.572 10.572 10.572 12.8159 12.8159 12.8159 27.8686 27.8686 27.8686 ]
D = [ 5072 6843 3427 1661 2814 5498 597 1782 6429 4221 3218 5356 4113 4353 4539 5193 3842 6141 5325 1289 3581 4520 4455 3864 ]
K = 6
nk = [ 1 2 2 2 2 2 2 3 3 3 4 4 4 4 5 5 5 6 6 6 ]
First = [ 1 1 0 0 0 0 0 1 0 0 1 0 0 0 1 0 0 1 0 0 ]
Last = [ 1 0 0 0 0 0 1 0 0 1 0 0 0 1 0 0 1 0 0 1 ]
nS = 2
S = [ 1 0 0 0 0 0 0 0 0 0 0 0 0 0 1 0 0 0 0 0 ]
