n = 20 ; 
T = 24 ; 
Init = [ 1 1 1 1 1 1 0 0 1 1 1 1 1 1 1 1 1 1 1 1 ]
L = [ 4 4 4 4 4 4 3 3 8 8 8 8 8 8 5 5 5 5 5 7 ]
l = [ 4 4 4 4 4 4 3 3 8 8 8 8 8 8 5 5 5 5 5 7 ]
Pmin = [ 40 40 40 40 40 40 35 35 86 86 86 86 86 86 45 45 45 45 45 70 ]
Pmax = [ 151 151 151 151 151 151 109 109 347 347 347 347 347 347 165 165 165 165 165 265 ]
cf = [ 38.4873 38.4873 38.4873 38.4873 38.4873 38.4873 50.464 50.464 18.905 18.905 18.905 18.905 18.905 18.905 37.3111 37.3111 37.3111 37.3111 37.3111 66.8487 ]
c0 = [ 113 113 113 113 113 113 114 114 233 233 233 233 233 233 123 123 123 123 123 185 ]
cp = [ 30.1659 30.1659 30.1659 30.1659 30.1659 30.1659 38.8011 38.8011 19.0261 19.0261 19.0261 19.0261 19.0261 19.0261 22.2615 22.2615 22.2615 22.2615 22.2615 17.5508 ]
D = [ 1806 1373 1527 2324 2793 1365 1153 1488 1599 1422 2264 3746 90 3076 1517 4171 836 132 2119 2237 2277 1148 734 3998 ]
K = 5
nk = [ 1 1 1 1 1 1 2 2 3 3 3 3 3 3 4 4 4 4 4 5 ]
First = [ 1 0 0 0 0 0 1 0 1 0 0 0 0 0 1 0 0 0 0 1 ]
Last = [ 0 0 0 0 0 1 0 1 0 0 0 0 0 1 0 0 0 0 1 1 ]
nS = 2
S = [ 1 0 0 0 0 0 0 0 1 0 0 0 0 0 0 0 0 0 0 0 ]
