n = 20 ; 
T = 24 ; 
Init = [ 1 1 1 1 1 1 1 0 0 0 0 0 1 1 1 1 1 1 1 0 ]
L = [ 5 4 4 4 4 4 4 3 3 3 3 3 8 8 8 5 5 5 5 3 ]
l = [ 5 4 4 4 4 4 4 3 3 3 3 3 8 8 8 5 5 5 5 3 ]
Pmin = [ 56 40 40 40 40 40 40 23 23 23 23 23 85 85 85 47 47 47 47 30 ]
Pmax = [ 199 143 143 143 143 143 143 68 68 68 68 68 338 338 338 173 173 173 173 112 ]
cf = [ 13.7216 23.4153 23.4153 23.4153 23.4153 23.4153 23.4153 54.6661 54.6661 54.6661 54.6661 54.6661 13.6217 13.6217 13.6217 62.6006 62.6006 62.6006 62.6006 35.8033 ]
c0 = [ 148 116 116 116 116 116 116 72 72 72 72 72 235 235 235 130 130 130 130 88 ]
cp = [ 29.7059 33.0117 33.0117 33.0117 33.0117 33.0117 33.0117 37.7016 37.7016 37.7016 37.7016 37.7016 18.3371 18.3371 18.3371 21.3957 21.3957 21.3957 21.3957 37.7703 ]
D = [ 3025 1075 990 403 1592 438 2483 2322 3037 2198 1059 165 3036 277 503 2659 1746 2159 319 12 664 2534 1861 625 ]
K = 6
nk = [ 1 2 2 2 2 2 2 3 3 3 3 3 4 4 4 5 5 5 5 6 ]
First = [ 1 1 0 0 0 0 0 1 0 0 0 0 1 0 0 1 0 0 0 1 ]
Last = [ 1 0 0 0 0 0 1 0 0 0 0 1 0 0 1 0 0 0 1 1 ]
nS = 4
S = [ 1 0 0 0 0 0 0 0 0 0 0 0 1 0 0 1 0 0 0 1 ]
