n = 20 ; 
T = 24 ; 
Init = [ 0 1 1 1 1 1 1 1 1 1 1 1 1 1 1 1 0 0 0 0 ]
L = [ 9 7 7 7 7 7 5 5 5 5 5 8 8 8 8 8 6 6 6 6 ]
l = [ 9 7 7 7 7 7 5 5 5 5 5 8 8 8 8 8 6 6 6 6 ]
Pmin = [ 100 78 78 78 78 78 52 52 52 52 52 77 77 77 77 77 59 59 59 59 ]
Pmax = [ 409 304 304 304 304 304 184 184 184 184 184 312 312 312 312 312 216 216 216 216 ]
cf = [ 32.1498 54.6097 54.6097 54.6097 54.6097 54.6097 26.4718 26.4718 26.4718 26.4718 26.4718 62.3838 62.3838 62.3838 62.3838 62.3838 15.0069 15.0069 15.0069 15.0069 ]
c0 = [ 250 210 210 210 210 210 150 150 150 150 150 196 196 196 196 196 161 161 161 161 ]
cp = [ 12.4004 24.8749 24.8749 24.8749 24.8749 24.8749 26.6753 26.6753 26.6753 26.6753 26.6753 14.5852 14.5852 14.5852 14.5852 14.5852 31.4577 31.4577 31.4577 31.4577 ]
D = [ 3725 4397 937 910 1666 93 1438 1604 1574 3245 1109 3679 1956 2738 3041 2627 1585 1361 4522 913 3165 3022 1414 2771 ]
K = 5
nk = [ 1 2 2 2 2 2 3 3 3 3 3 4 4 4 4 4 5 5 5 5 ]
First = [ 1 1 0 0 0 0 1 0 0 0 0 1 0 0 0 0 1 0 0 0 ]
Last = [ 1 0 0 0 0 1 0 0 0 0 1 0 0 0 0 1 0 0 0 1 ]
nS = 4
S = [ 1 0 0 0 0 0 1 0 0 0 0 1 0 0 0 0 1 0 0 0 ]
