n = 20 ; 
T = 24 ; 
Init = [ 1 1 1 1 1 1 1 1 1 1 1 1 1 1 1 1 1 1 1 1 ]
L = [ 9 9 9 9 9 9 10 3 3 3 3 3 5 5 5 5 4 4 4 4 ]
l = [ 9 9 9 9 9 9 10 3 3 3 3 3 5 5 5 5 4 4 4 4 ]
Pmin = [ 100 100 100 100 100 100 100 22 22 22 22 22 63 63 63 63 41 41 41 41 ]
Pmax = [ 409 409 409 409 409 409 420 74 74 74 74 74 226 226 226 226 152 152 152 152 ]
cf = [ 21.7505 21.7505 21.7505 21.7505 21.7505 21.7505 54.757 21.7568 21.7568 21.7568 21.7568 21.7568 64.3694 64.3694 64.3694 64.3694 33.0447 33.0447 33.0447 33.0447 ]
c0 = [ 250 250 250 250 250 250 250 74 74 74 74 74 177 177 177 177 117 117 117 117 ]
cp = [ 12.3341 12.3341 12.3341 12.3341 12.3341 12.3341 8.26317 40.3268 40.3268 40.3268 40.3268 40.3268 21.527 21.527 21.527 21.527 37.3687 37.3687 37.3687 37.3687 ]
D = [ 698 4442 1142 4475 414 458 4638 452 1046 2832 4002 2160 1681 360 1735 3647 3291 3347 3038 3575 690 2360 1889 2329 ]
K = 5
nk = [ 1 1 1 1 1 1 2 3 3 3 3 3 4 4 4 4 5 5 5 5 ]
First = [ 1 0 0 0 0 0 1 1 0 0 0 0 1 0 0 0 1 0 0 0 ]
Last = [ 0 0 0 0 0 1 1 0 0 0 0 1 0 0 0 1 0 0 0 1 ]
nS = 3
S = [ 1 0 0 0 0 0 1 0 0 0 0 0 0 0 0 0 1 0 0 0 ]
