n = 20 ; 
T = 24 ; 
Init = [ 1 1 1 1 1 0 0 0 0 1 1 1 1 1 1 1 1 1 1 1 ]
L = [ 5 5 5 5 5 10 10 10 10 4 4 3 3 3 5 5 5 8 8 8 ]
l = [ 5 5 5 5 5 10 10 10 10 4 4 3 3 3 5 5 5 8 8 8 ]
Pmin = [ 56 56 56 56 56 100 100 100 100 49 49 33 33 33 40 40 40 85 85 85 ]
Pmax = [ 205 205 205 205 205 420 420 420 420 162 162 102 102 102 147 147 147 339 339 339 ]
cf = [ 37.4522 37.4522 37.4522 37.4522 37.4522 67.4367 67.4367 67.4367 67.4367 54.5862 54.5862 56.1491 56.1491 56.1491 43.635 43.635 43.635 48.4166 48.4166 48.4166 ]
c0 = [ 157 157 157 157 157 250 250 250 250 144 144 100 100 100 125 125 125 218 218 218 ]
cp = [ 29.1873 29.1873 29.1873 29.1873 29.1873 12.104 12.104 12.104 12.104 22.7057 22.7057 35.9079 35.9079 35.9079 34.1147 34.1147 34.1147 26.4297 26.4297 26.4297 ]
D = [ 710 3652 857 1564 3634 818 3594 894 584 3221 2279 2900 3026 1106 1847 1020 4257 2391 4056 2725 2375 4653 4035 1401 ]
K = 6
nk = [ 1 1 1 1 1 2 2 2 2 3 3 4 4 4 5 5 5 6 6 6 ]
First = [ 1 0 0 0 0 1 0 0 0 1 0 1 0 0 1 0 0 1 0 0 ]
Last = [ 0 0 0 0 1 0 0 0 1 0 1 0 0 1 0 0 1 0 0 1 ]
nS = 5
S = [ 1 0 0 0 0 1 0 0 0 1 0 0 0 0 1 0 0 1 0 0 ]
