n = 20 ; 
T = 24 ; 
Init = [ 0 0 0 0 0 1 1 1 1 0 0 0 0 0 0 0 0 0 0 0 ]
L = [ 8 8 8 8 8 5 5 5 5 8 8 8 3 3 5 5 5 5 5 5 ]
l = [ 8 8 8 8 8 5 5 5 5 8 8 8 3 3 5 5 5 5 5 5 ]
Pmin = [ 87 87 87 87 87 61 61 61 61 79 79 79 21 21 53 53 53 53 53 53 ]
Pmax = [ 328 328 328 328 328 215 215 215 215 324 324 324 59 59 185 185 185 185 185 185 ]
cf = [ 13.746 13.746 13.746 13.746 13.746 32.5823 32.5823 32.5823 32.5823 19.3363 19.3363 19.3363 59.4874 59.4874 67.2582 67.2582 67.2582 67.2582 67.2582 67.2582 ]
c0 = [ 230 230 230 230 230 164 164 164 164 223 223 223 73 73 153 153 153 153 153 153 ]
cp = [ 22.4351 22.4351 22.4351 22.4351 22.4351 24.2067 24.2067 24.2067 24.2067 18.2532 18.2532 18.2532 37.4806 37.4806 28.7667 28.7667 28.7667 28.7667 28.7667 28.7667 ]
D = [ 3070 4170 2558 1454 4651 3648 3388 1379 4133 4384 3380 4636 1592 4300 3852 1388 4411 361 4500 4531 3640 912 2113 3461 ]
K = 5
nk = [ 1 1 1 1 1 2 2 2 2 3 3 3 4 4 5 5 5 5 5 5 ]
First = [ 1 0 0 0 0 1 0 0 0 1 0 0 1 0 1 0 0 0 0 0 ]
Last = [ 0 0 0 0 1 0 0 0 1 0 0 1 0 1 0 0 0 0 0 1 ]
nS = 4
S = [ 1 0 0 0 0 0 0 0 0 1 0 0 1 0 1 0 0 0 0 0 ]
