n = 20 ; 
T = 24 ; 
Init = [ 0 1 1 1 1 1 1 1 1 1 1 1 0 0 0 0 0 0 0 0 ]
L = [ 3 8 8 8 8 8 8 5 6 6 6 6 9 9 9 9 4 4 2 2 ]
l = [ 3 8 8 8 8 8 8 5 6 6 6 6 9 9 9 9 4 4 2 2 ]
Pmin = [ 30 88 88 88 88 88 88 50 64 64 64 64 90 90 90 90 43 43 21 21 ]
Pmax = [ 86 346 346 346 346 346 346 186 248 248 248 248 374 374 374 374 148 148 67 67 ]
cf = [ 35.8921 16.5471 16.5471 16.5471 16.5471 16.5471 16.5471 22.7831 34.5679 34.5679 34.5679 34.5679 25.2142 25.2142 25.2142 25.2142 50.4951 50.4951 39.5189 39.5189 ]
c0 = [ 100 233 233 233 233 233 233 133 180 180 180 180 241 241 241 241 116 116 63 63 ]
cp = [ 35.9642 19.3401 19.3401 19.3401 19.3401 19.3401 19.3401 38.3213 23.6364 23.6364 23.6364 23.6364 13.7283 13.7283 13.7283 13.7283 26.9164 26.9164 38.3362 38.3362 ]
D = [ 3326 4462 967 2624 608 4781 2340 5090 4617 4896 2897 1766 428 4216 4070 1950 2585 1523 1209 1177 833 1483 4181 2969 ]
K = 7
nk = [ 1 2 2 2 2 2 2 3 4 4 4 4 5 5 5 5 6 6 7 7 ]
First = [ 1 1 0 0 0 0 0 1 1 0 0 0 1 0 0 0 1 0 1 0 ]
Last = [ 1 0 0 0 0 0 1 1 0 0 0 1 0 0 0 1 0 1 0 1 ]
nS = 1
S = [ 1 0 0 0 0 0 0 0 0 0 0 0 0 0 0 0 0 0 0 0 ]
