n = 20 ; 
T = 24 ; 
Init = [ 0 0 0 1 0 0 0 0 0 1 1 1 1 1 1 0 0 0 0 0 ]
L = [ 7 7 7 5 8 8 8 8 8 6 6 6 4 4 4 3 3 3 3 3 ]
l = [ 7 7 7 5 8 8 8 8 8 6 6 6 4 4 4 3 3 3 3 3 ]
Pmin = [ 83 83 83 52 90 90 90 90 90 68 68 68 49 49 49 30 30 30 30 30 ]
Pmax = [ 313 313 313 185 349 349 349 349 349 264 264 264 160 160 160 87 87 87 87 87 ]
cf = [ 29.6691 29.6691 29.6691 37.1358 32.0722 32.0722 32.0722 32.0722 32.0722 63.3152 63.3152 63.3152 27.7264 27.7264 27.7264 39.7176 39.7176 39.7176 39.7176 39.7176 ]
c0 = [ 231 231 231 144 230 230 230 230 230 178 178 178 148 148 148 91 91 91 91 91 ]
cp = [ 18.9621 18.9621 18.9621 38.2104 10.2756 10.2756 10.2756 10.2756 10.2756 29.6278 29.6278 29.6278 31.4908 31.4908 31.4908 37.1342 37.1342 37.1342 37.1342 37.1342 ]
D = [ 634 864 2559 684 897 3227 700 4094 456 4515 3053 2102 2128 298 1617 3634 2674 945 3668 1188 54 881 4273 858 ]
K = 6
nk = [ 1 1 1 2 3 3 3 3 3 4 4 4 5 5 5 6 6 6 6 6 ]
First = [ 1 0 0 1 1 0 0 0 0 1 0 0 1 0 0 1 0 0 0 0 ]
Last = [ 0 0 1 1 0 0 0 0 1 0 0 1 0 0 1 0 0 0 0 1 ]
nS = 4
S = [ 1 0 0 0 1 0 0 0 0 0 0 0 1 0 0 1 0 0 0 0 ]
