n = 20 ; 
T = 24 ; 
Init = [ 0 1 1 1 1 1 1 0 0 0 0 0 0 1 1 1 0 0 0 0 ]
L = [ 9 4 4 4 6 6 8 5 5 4 4 4 4 6 6 6 4 4 4 4 ]
l = [ 9 4 4 4 6 6 8 5 5 4 4 4 4 6 6 6 4 4 4 4 ]
Pmin = [ 93 33 33 33 67 67 85 51 51 44 44 44 44 51 51 51 37 37 37 37 ]
Pmax = [ 384 115 115 115 259 259 321 204 204 166 166 166 166 204 204 204 115 115 115 115 ]
cf = [ 15.9325 10.0589 10.0589 10.0589 22.8553 22.8553 46.9871 68.1884 68.1884 29.6909 29.6909 29.6909 29.6909 51.3014 51.3014 51.3014 44.646 44.646 44.646 44.646 ]
c0 = [ 248 97 97 97 177 177 215 141 141 138 138 138 138 151 151 151 113 113 113 113 ]
cp = [ 12.4002 37.8614 37.8614 37.8614 32.0173 32.0173 23.1033 24.2703 24.2703 35.979 35.979 35.979 35.979 29.9255 29.9255 29.9255 36.2221 36.2221 36.2221 36.2221 ]
D = [ 742 1790 3181 1618 719 3129 2796 606 3287 3254 1571 102 3434 2505 2458 3327 130 1356 1834 2719 1030 3695 474 2075 ]
K = 8
nk = [ 1 2 2 2 3 3 4 5 5 6 6 6 6 7 7 7 8 8 8 8 ]
First = [ 1 1 0 0 1 0 1 1 0 1 0 0 0 1 0 0 1 0 0 0 ]
Last = [ 1 0 0 1 0 1 1 0 1 0 0 0 1 0 0 1 0 0 0 1 ]
nS = 2
S = [ 1 0 0 0 0 0 0 1 0 0 0 0 0 0 0 0 0 0 0 0 ]
