n = 20 ; 
T = 24 ; 
Init = [ 1 0 0 0 0 0 0 0 0 0 1 1 1 0 0 0 0 0 0 1 ]
L = [ 7 5 4 4 4 2 2 2 2 2 8 8 8 9 9 9 9 9 9 10 ]
l = [ 7 5 4 4 4 2 2 2 2 2 8 8 8 9 9 9 9 9 9 10 ]
Pmin = [ 77 46 39 39 39 19 19 19 19 19 90 90 90 96 96 96 96 96 96 100 ]
Pmax = [ 290 182 153 153 153 44 44 44 44 44 364 364 364 397 397 397 397 397 397 420 ]
cf = [ 49.5808 33.0326 29.9194 29.9194 29.9194 67.3714 67.3714 67.3714 67.3714 67.3714 27.9082 27.9082 27.9082 42.3011 42.3011 42.3011 42.3011 42.3011 42.3011 64.5585 ]
c0 = [ 216 127 120 120 120 73 73 73 73 73 246 246 246 250 250 250 250 250 250 250 ]
cp = [ 14.6667 20.7087 28.2508 28.2508 28.2508 38.799 38.799 38.799 38.799 38.799 17.8 17.8 17.8 17.0163 17.0163 17.0163 17.0163 17.0163 17.0163 10.2826 ]
D = [ 1482 1733 2478 1481 913 176 3317 820 1658 255 3636 22 2340 427 4857 4014 3253 4421 2031 1828 367 796 21 2918 ]
K = 7
nk = [ 1 2 3 3 3 4 4 4 4 4 5 5 5 6 6 6 6 6 6 7 ]
First = [ 1 1 1 0 0 1 0 0 0 0 1 0 0 1 0 0 0 0 0 1 ]
Last = [ 1 1 0 0 1 0 0 0 0 1 0 0 1 0 0 0 0 0 1 1 ]
nS = 4
S = [ 1 1 0 0 0 1 0 0 0 0 1 0 0 0 0 0 0 0 0 0 ]
