n = 20 ; 
T = 24 ; 
Init = [ 1 0 0 0 1 1 1 1 1 1 1 1 1 1 1 1 1 1 0 0 ]
L = [ 3 9 9 6 6 6 6 9 9 6 4 4 4 4 4 4 7 7 5 5 ]
l = [ 3 9 9 6 6 6 6 9 9 6 4 4 4 4 4 4 7 7 5 5 ]
Pmin = [ 23 95 95 62 60 60 60 91 91 61 37 37 37 37 37 37 76 76 43 43 ]
Pmax = [ 71 393 393 224 230 230 230 351 351 242 134 134 134 134 134 134 316 316 162 162 ]
cf = [ 28.6378 40.8899 40.8899 45.0621 53.4866 53.4866 53.4866 17.5052 17.5052 44.5909 24.2443 24.2443 24.2443 24.2443 24.2443 24.2443 52.3231 52.3231 13.1982 13.1982 ]
c0 = [ 80 250 250 174 159 159 159 243 243 165 107 107 107 107 107 107 207 207 117 117 ]
cp = [ 37.5531 10.609 10.609 23.395 23.4764 23.4764 23.4764 13.6598 13.6598 26.2273 33.3065 33.3065 33.3065 33.3065 33.3065 33.3065 17.2744 17.2744 33.6512 33.6512 ]
D = [ 2711 156 331 597 1912 237 1974 4415 1769 3469 3505 3306 1401 1734 2133 2147 4404 3358 891 369 1456 2166 3642 2206 ]
K = 9
nk = [ 1 2 2 3 4 4 4 5 5 6 7 7 7 7 7 7 8 8 9 9 ]
First = [ 1 1 0 1 1 0 0 1 0 1 1 0 0 0 0 0 1 0 1 0 ]
Last = [ 1 0 1 1 0 0 1 0 1 1 0 0 0 0 0 1 0 1 0 1 ]
nS = 7
S = [ 1 0 0 1 1 0 0 0 0 1 1 0 0 0 0 0 1 0 1 0 ]
