n = 20 ; 
T = 24 ; 
Init = [ 0 0 0 0 0 0 0 0 0 0 0 0 0 0 0 0 0 0 0 0 ]
L = [ 9 9 9 9 9 9 5 5 5 5 5 10 10 10 10 10 2 2 2 2 ]
l = [ 9 9 9 9 9 9 5 5 5 5 5 10 10 10 10 10 2 2 2 2 ]
Pmin = [ 97 97 97 97 97 97 49 49 49 49 49 100 100 100 100 100 15 15 15 15 ]
Pmax = [ 392 392 392 392 392 392 187 187 187 187 187 415 415 415 415 415 47 47 47 47 ]
cf = [ 48.3322 48.3322 48.3322 48.3322 48.3322 48.3322 52.1963 52.1963 52.1963 52.1963 52.1963 44.2735 44.2735 44.2735 44.2735 44.2735 28.6281 28.6281 28.6281 28.6281 ]
c0 = [ 250 250 250 250 250 250 139 139 139 139 139 250 250 250 250 250 60 60 60 60 ]
cp = [ 12.9316 12.9316 12.9316 12.9316 12.9316 12.9316 20.6611 20.6611 20.6611 20.6611 20.6611 11.2129 11.2129 11.2129 11.2129 11.2129 36.9954 36.9954 36.9954 36.9954 ]
D = [ 371 806 61 4729 196 1839 3920 2523 1453 1238 1955 5094 5219 5239 1450 1836 3218 3316 1012 4643 1417 2935 5417 2113 ]
K = 4
nk = [ 1 1 1 1 1 1 2 2 2 2 2 3 3 3 3 3 4 4 4 4 ]
First = [ 1 0 0 0 0 0 1 0 0 0 0 1 0 0 0 0 1 0 0 0 ]
Last = [ 0 0 0 0 0 1 0 0 0 0 1 0 0 0 0 1 0 0 0 1 ]
nS = 2
S = [ 1 0 0 0 0 0 0 0 0 0 0 0 0 0 0 0 1 0 0 0 ]
