n = 20 ; 
T = 24 ; 
Init = [ 1 0 0 0 0 0 0 0 0 0 0 0 0 0 0 0 0 0 0 0 ]
L = [ 3 7 7 6 3 3 6 6 6 6 6 3 3 3 3 3 3 2 2 2 ]
l = [ 3 7 7 6 3 3 6 6 6 6 6 3 3 3 3 3 3 2 2 2 ]
Pmin = [ 17 80 80 62 25 25 63 63 63 63 63 33 33 33 33 33 33 17 17 17 ]
Pmax = [ 60 310 310 217 68 68 241 241 241 241 241 106 106 106 106 106 106 56 56 56 ]
cf = [ 38.6724 48.7815 48.7815 9.37777 41.3979 41.3979 61.2764 61.2764 61.2764 61.2764 61.2764 68.0057 68.0057 68.0057 68.0057 68.0057 68.0057 30.0378 30.0378 30.0378 ]
c0 = [ 72 212 212 168 90 90 182 182 182 182 182 98 98 98 98 98 98 65 65 65 ]
cp = [ 35.3433 15.5767 15.5767 26.2176 39.4661 39.4661 28.2356 28.2356 28.2356 28.2356 28.2356 30.8606 30.8606 30.8606 30.8606 30.8606 30.8606 41.582 41.582 41.582 ]
D = [ 2189 33 930 167 15 858 2455 1822 1118 1704 838 2647 680 952 1266 259 856 2378 2140 2677 94 1392 1041 2143 ]
K = 7
nk = [ 1 2 2 3 4 4 5 5 5 5 5 6 6 6 6 6 6 7 7 7 ]
First = [ 1 1 0 1 1 0 1 0 0 0 0 1 0 0 0 0 0 1 0 0 ]
Last = [ 1 0 1 1 0 1 0 0 0 0 1 0 0 0 0 0 1 0 0 1 ]
nS = 4
S = [ 1 1 0 1 1 0 0 0 0 0 0 0 0 0 0 0 0 0 0 0 ]
