n = 20 ; 
T = 48 ; 
Init = [ 0 1 0 0 0 1 1 1 0 1 1 1 0 0 0 0 1 0 0 1 ]
L = [ 5 5 5 3 4 4 7 9 4 7 7 6 9 10 7 10 8 3 9 6 ]
l = [ 5 5 5 3 4 4 7 9 4 7 7 6 9 10 7 10 8 3 9 6 ]
Pmin = [ 48 44 49 30 43 34 70 94 39 82 74 70 94 100 78 100 90 26 100 62 ]
Pmax = [ 161 160 177 113 135 112 280 383 143 302 274 265 384 420 312 420 348 63 395 223 ]
cf = [ 69.1667 40.1006 24.8725 21.5129 66.3022 43.5484 14.4102 48.1963 35.9672 14.1947 36.7793 57.5387 45.0746 16.0927 48.8515 69.8447 47.2099 64.8325 10.674 34.9195 ]
c0 = [ 134 127 142 102 122 103 184 237 121 208 198 192 246 250 214 250 236 95 250 175 ]
cp = [ 27.7892 32.8426 31.6459 33.2145 26.0543 38.3904 16.6652 14.0387 33.4727 18.101 26.4162 31.3954 13.8307 8.21453 16.4892 10.8598 11.0976 41.3352 13.3628 22.3134 ]
D = [ 1573 1794 2038 2266 2420 2670 2957 3017 3421 3494 3901 4029 4211 3946 3659 3192 2796 2575 3030 3300 3741 3177 2491 1700 1103 1419 1561 1872 2201 2340 2776 2921 3318 3584 3700 3938 4380 3963 3519 3208 2851 2491 2922 3281 3756 3167 2473 1773 ]
K = 21
nk = [ 0 1 2 3 4 5 6 7 8 9 10 11 12 13 14 15 16 17 18 19 ]
First = [ 0 0 0 0 0 0 0 0 0 0 0 0 0 0 0 0 0 0 0 0 ]
Last = [ 0 0 0 0 0 0 0 0 0 0 0 0 0 0 0 0 0 0 0 0 ]
nS = 6
S = [ 1 0 0 0 1 1 0 1 0 0 0 0 0 1 0 0 0 0 1 0 ]
