n = 20 ; 
T = 48 ; 
Init = [ 1 0 0 1 1 0 0 1 0 1 0 0 0 1 1 0 0 1 1 0 ]
L = [ 6 4 7 9 5 5 6 5 3 7 5 8 7 7 9 7 7 6 8 4 ]
l = [ 6 4 7 9 5 5 6 5 3 7 5 8 7 7 9 7 7 6 8 4 ]
Pmin = [ 57 42 72 98 54 55 64 48 24 76 54 88 69 73 100 72 80 72 83 36 ]
Pmax = [ 221 163 299 387 191 188 234 188 80 306 190 357 277 286 414 266 322 265 316 120 ]
cf = [ 14.4094 28.2021 12.4858 29.1544 52.3268 54.1423 17.9193 10.6673 42.2918 67.5033 44.5057 27.0167 30.4566 48.2134 45.5297 22.6129 30.9679 64.4945 63.8056 50.3422 ]
c0 = [ 163 120 185 250 159 157 171 140 74 207 155 234 193 201 250 194 216 202 224 114 ]
cp = [ 21.9873 34.6179 21.2264 11.7679 32.41 34.9442 16.8235 32.8641 36.9846 19.3256 22.1855 17.567 19.5883 20.2528 9.9521 25.3019 14.8683 24.3909 15.9576 27.3888 ]
D = [ 1267 1590 1864 1969 2241 2546 2721 3037 3292 3520 3708 3968 4283 3878 3469 3295 2816 2553 2898 3389 3624 3069 2356 1874 1197 1390 1699 2005 2229 2604 2940 3227 3331 3740 4039 4331 4483 4130 3825 3431 2996 2640 3000 3331 3639 3005 2492 1789 ]
K = 21
nk = [ 0 1 2 3 4 5 6 7 8 9 10 11 12 13 14 15 16 17 18 19 ]
First = [ 0 0 0 0 0 0 0 0 0 0 0 0 0 0 0 0 0 0 0 0 ]
Last = [ 0 0 0 0 0 0 0 0 0 0 0 0 0 0 0 0 0 0 0 0 ]
nS = 4
S = [ 1 0 0 0 0 1 0 0 0 0 1 0 0 0 1 0 0 0 0 0 ]
